9899.2
9846.38
9784.36
9819.71
9723.84
9621.64
9472.37
9538.13
9461.06
9403.71
9285.25
9138
9084
9188.92
9169.66
9068.33
8973.42
9146.46
9120.71
9095.74
9199.13
9141.48
9071.21
8904.34
8895.55
8835.95
8945.24
8947.58
9051.78
8898.25
8936.77
8980.28
9040.16
9120.37
9070.21
9108.96
9092.97
9125.74
9090.36
8993.41
8996.22
8948.06
8980.37
8865.67
8894.84
8842.69
8918.8
8885.89
8983.46
8929.82
8880.62
8849.25
8891.22
8799.38
8802.21
8854.13
8973.2
8893.5
8878.58
8823.23
8959.67
8897.38
8944.3
8925.01
8817.96
8814.09
8816.47
8818.23
8876.96
8866.59
8792.4
8879.73
8908.67
8980.88
8953.72
8990.3
8986.47
8913.5
8867.37
8879.24
8874.13
8862.4
8837.46
8807.58
8778.84
8695.53
8684.43
8719.9
8665.42
8715.67
8740.76
8759.72
8700.72
8776.07
8799.8
8735.14
8797.31
8830.58
8907.43
8951.3
8880.16
9003.97
8999.99
9061.71
9066.79
9176.24
9179.26
9213.6
9289.7
9311.5
9238.89
9368.84
9286.34
9197.41
9263.97
9280.99
9256.97
9258.15
9325.16
9323.6
9275.74
9278.32
9247.46
9275.25
9296.8
9355.03
9373.96
9342.44
9339.69
9318.13
9346.18
9350.74
9414.28
9322.94
9340.58
9356.38
9396.43
9324.41
9298.48
9296.52
9291.62
9964.36
9750.88
9553.73
9355.32
9326.95
9269.27
9286.07
9307.27
9286.41
9269.87
9282.16
9262.6
9273.27
9269.83
9293.57
9360.83
9417.84
9449
9419.37
9406.04
9411.71
9417.57
9394.61
9409.08
9404.68
9449.79
9407.72
9448.78
9461.45
9498.98
9503.54
9498.51
9529.06
9560.9
9612.94
9653.2
9664.12
9729.49
9706.05
9720.95
9728.82
9637.39
9653.92
9665.08
9658.74
9672.23
9641.91
9651.58
9704.07
9760.94
9683.33
9678.91
9707.21
9686.2
9729.68
9783.16
9748.71
9798.41
9761.47
9655.22
9670.94
9625.78
9611.56
9583.02
9575.51
9767.64
9871.59
9860.42
9882.7
9873.9
9945.19
9888.77
9926.76
9936.32
9988.71
10123.47
10055.69
10070.35
10080.63
10144.64
10207.32
10301.03
10287.17
10225.27
10136.92
10148.39
10127.25
10077.52
10183.27
10320.9
10318.91
10206.68
10212.1
10200.88
10123.89
10026.45
10000
9970.14
10003.51
9888.46
9910.25
9999.34
10000.81
9846.75
9839.05
9784.92
9586.05
9588.01
9642.51
9624.4
9583.48
9655.35
9722.87
9722.46
9590.05
9600.38
9639.68
9650.63
9707.23
9619.93
9737.45
9615.42
9654.02
9591.69
9780.21
9746.49
9754.48
9716.14
9739.15
9769.31
9637.17
9681.69
9600.75
9613.67
9557.74
9638.92
9493.24
9446.43
9504.7
9506.3
9495.94
9455.03
9512.27
9542.95
9548.25
9547.62
9599.05
9670.11
9702.96
9726.67
9721.29
9746.31
9778.75
9713.06
9855.03
9862
9849.83
9821.52
9866.44
9855.27
9860.65
9888.34
9872.08
9867.35
9813.29
9778.2
9991.72
9964.08
9831.05
9882.56
9902.42
9763.4
9853.33
9855.11
9773.05
9784.44
9792.41
9800.5
9809.21
9819.53
9805.78
9782.77
9785.28
9811.09
9842.12
9808.89
9799.97
9783.97
9752.29
9716.14
9783.87
9812.16
9898.22
9833.41
9839.56
9825.83
9824.22
9815.87
9728.13
9703.31
9765.52
9802.24
9799.88
9750.45
9780.77
9806.07
9817.85
9847.11
9892.11
9916.29
9992.39
9984.94
10068.33
10066.26
10135.01
10098.66
10154.86
10234.54
10234.5
10273.91
10264.59
10292.68
10310.11
10288.52
10365.65
10367.93
10458.3
10367.26
10367.44
10434.85
10458.74
10507.52
10434.58
10411.5
10545.7
10562.97
10613.79
10565.97
10791.69
11069.31
11082.38
11175.25
11190.63
11329.61
11287.46
11299.17
11230.3
11189.48
11246.32
11276.38
11231.91
11229.47
11185.24
11329.64
11460.58
11625.39
11683.65
11758.65
11618.53
11628.13
11733.88
11724.81
11754.91
11607.4
11943.57
12029.29
12056.74
11949.49
11946.01
11860.66
11939.84
11953.87
11712.19
11671.99
11747.31
11786.03
11834.89
11883.05
11743.68
11283.69
11440.43
11144.16
11290.57
10952.23
11211.14
11136.64
11289.05
11261.79
11351.43
11704.05
11741.18
11765.84
11888.49
11743.94
12371.74
12267.3
12232.72
12064.1
11979.48
11975.59
11909.12
11960.33
12042.45
11980.63
12028.09
11721.74
11906.83
11752.04
11605.83
11583.03
11629
11687.76
11756.6
11745.56
11766.1
11684.16
11683.46
11738.79
11801.14
11704.36
11579.83
11579.73
11546.85
11489.75
11546.82
11524.47
11491.34
11550.07
11699.79
11703.78
11672.2
11667.85
11665.94
11550.42
11536.91
11562.02
11622.3
11628.04
11648.56
11593.04
11708.19
11687.18
11806.3
11860.99
11912.83
11905
12033.84
11911.44
11772.07
11624.36
11520.91
11509.37
11446.73
11447.86
11538.54
11368.85
11444.87
11460.92
11535.65
11418.58
11425.18
11490.44
11567.61
11732.32
11701.24
11726.81
11650.75
11504.32
11404.26
11409.96
11419.91
11406.39
11379.97
11575.98
11465.39
11558.01
11544.03
11497.65
11428.44
11398.72
11210.95
11144.19
10967.28
10933.66
11016.38
11008.56
10957.24
10978.38
10925.36
11012.15
11032.29
10904.17
10886.3
10837.98
10914.21
10939.3
10912.49
10763.72
10663.2
10674.83
10668.33
10700.74
10674.66
10647.85
10629.03
10645.07
10641.61
10761.79
10747.1
10785.66
10836.03
10815.3
10804.9
10979.98
10981.08
10974.86
10907.44
10879.28
10839.91
10813.54
10807.79
10912.47
10986.23
11036.2
10972.43
11005.57
10945.11
10979.64
11001.85
10875.68
10894.74
10929.42
10898.92
10882.94
10944.21
11035.6
11005.71
11079.82
11112.78
11119.29
11133.99
11245.6
11205.74
11190.34
11203.12
11219.03
11244
11352.58
11365.35
11367.46
11327.54
11186.38
11274.52
11361
11350.33
11373
11401.39
11419.58
11390.36
11311.57
11336.35
11294.95
11342.66
11358.84
11428.42
11404.32
11406.82
11424.87
11384.4
11352.52
11239.4
11232.35
11185.38
11178.27
11255.48
11202.76
11231.02
11173.51
11152.89
11031.06
11036.51
11078.36
11078.74
11015.08
11071.61
11066.05
11077.9
11172.05
11211.32
11189.66
11128.71
10874.02
10827.72
10807.8
10843.12
10845.45
10806.92
10826.38
10792.66
10824.21
10931.01
10884.02
10815.25
10756.3
10762.8
10770.39
10658.95
10475.88
10405.56
10446.5
10425.7
10443.14
10410.53
10312.18
10368.79
10233.74
10270.15
10250.49
10229.56
10216.74
10078.53
10037.36
10132.51
10201.2
10169.97
10012.07
10031.2
9993.65
9933.5
9905.54
10016.74
10017.96
10024.13
10116.21
10198.29
10267.59
10287.3
10332.75
10358.68
10299.05
10435.68
10480.33
10396.99
10310.07
10340.17
10423.49
10413.49
10453.35
10314.62
10302.42
10336.63
10291.57
10283.04
10249.1
10089.32
10024.94
10040.07
9928.76
10061.11
10098.87
10112.56
10121.99
10029.69
9938.65
9976.67
9927.83
9864.3
9753.8
9746.22
9806.82
9894.12
9868.7
9830.63
9831.45
9787.14
9808.27
9894.09
10117.92
10131.86
10083.82
10155.22
10173
10196.01
10103.28
10102.86
10057.96
9998.67
10033.84
10272.26
10325.61
10321.85
10210.91
10178.88
10201.15
10175.98
10017.91
9956.2
9903.27
9876.38
9864.79
9763.99
9699.28
9773.15
9761.67
9882.99
9935.99
9865.14
9789.87
9706.74
9683.41
9634.04
9561.19
9563.52
9494.2
9551.35
9586.2
9513.58
9505.72
9466.02
9501.33
9578.26
9548.63
9525.59
9506.46
9494.66
9629.26
9760.23
9731.61
9758.61
9727.95
9639.57
9699.88
9772.98
9738.52
9679.52
9663.41
9659.42
9565.96
9442.43
9467.56
9433.65
9513.28
9532.56
9736.5
9613.35
9647.78
9622.35
9698.38
9739.43
9715.42
9673.54
9647.89
9657.96
9801.03
9844.76
9759.01
9960.7
10026.28
9933.07
10093.53
10289.37
10199.38
10113.53
9944.19
9932.54
10011.97
9970.96
10073.5
9916.56
9808.79
9838.59
9823.99
9916.97
10014.16
10031.42
9983.34
10084.09
10188.41
10080.89
10101.28
10215.65
10235.31
10220.75
10256.46
10193.22
10044
10005.56
9954.57
9835.14
9812.99
9844.89
9901.05
9853.51
9883.38
10035.61
10065.58
10089.99
9930.79
9993.08
9863.17
9801.17
9836.3
9869.74
9846.36
9873.63
9974.12
9976.54
9906.68
9996.62
9887.48
9874.83
9863.46
9840.9
9847.6
9834
9828.22
9880.85
9942.37
9982.58
10127.3
10272.22
10343.65
10394.27
10420.19
10457.95
10541.42
10492.16
10424.73
10368.19
10429.83
10391.32
10451.21
10413.87
10578.6
10646.74
10686.61
10800.2
10845.9
11161.86
11220.66
11100.91
10925.22
11063.08
11172.55
11084.6
10999.34
11129.12
11118.36
11104.92
11132.96
11125.44
11087.72
11042.68
10969.07
11056.02
10945.52
10920.47
10814.13
10732.86
10607.45
10617.15
10611.4
10515.28
10529.14
10497.74
10583.07
10604.95
10483.63
10442.08
10309.72
10286.38
10326.42
10323.53
10336.08
10452.26
10520.28
10546.89
10698.07
10688.44
10672.57
10615.39
10700.28
10705.29
10797.6
10757.56
10687.89
10588.31
10481.16
10384.85
10405.22
10390.36
10490.77
10494.53
10618.33
10730.11
10694.81
10637.49
10673
10765.38
10779.1
10841.76
10780.26
10856.38
10941.67
11036.79
11055.83
11101.55
10994.66
11071.7
11085.51
10994.41
11134.99
11222.12
11320.83
11325.76
11532.22
11525.21
11536.28
11293.55
11122.89
11101.03
10988.8
10978.43
11059.16
11133.97
11243.57
11218.44
11382.75
11375.14
11518.1
11432.27
11394.93
11196.8
11076.43
11128.8
11275.27
11188.76
11140.88
11278.91
11227.74
11063.62
11096.9
11117.07
11097.15
10973.83
11032.77
11092.89
11115.47
11095.18
11246.59
11413.63
11264.27
11253.41
11216.87
11266.56
11188.52
11209.42
11175.45
11113.46
11213.63
11219.38
11267.5
11371.52
11460.41
11485.92
11433.8
11380.09
11331.34
11322.81
11318.34
11231.92
11188.59
11186.53
11171.92
11143.6
11114.16
11355.37
11291.82
11344.03
11333.5
11325.45
11415.38
11404.31
11462.88
11490.03
11520.22
11509.35
11487.14
11325.33
11367.51
11388.51
11364.61
11481.65
11639.23
11614.34
11590.65
11500.69
11493.57
11501.53
11593.42
11437.52
11444.79
11351.37
11239.04
11255.06
11285.43
11212.09
11178.11
11248.74
11219.02
11208.18
11334.89
11351.69
11452.29
11455.85
11499.71
11402.31
11439.2
11521.11
11531.14
11448.39
11458.81
11510.39
11625.96
11698.03
11827.28
11902.27
11833.69
11906.11
11793.71
11822.65
11788.89
11643.65
11665.42
11690.93
11672.61
11888.01
11852.36
11757.71
11849.8
11824.47
11655.95
11723.96
11750.63
11624.01
11605.81
11543.97
11582.78
11632.77
11611.21
11586.94
11589.22
11578.02
11576.96
11651.18
11653.45
11639.68
11486.98
11511.02
11411.52
11334.91
11343.54
11393.55
11350.08
11244.94
11194.26
11180.88
11221.43
11234.57
11129.03
11069.21
11036.9
11015.39
11084.41
11003.79
11049.66
11139.07
11267.45
11187.62
11206.73
11112.88
11136.13
11300.19
11362.29
11271.07
11222.14
11090.72
11087.32
11096.51
11099.36
11085.12
11136.87
11247.54
11271.54
11265.14
11294.34
11234.66
11299.54
11210.8
11233.99
11233.45
11137.97
11181.83
11182.75
11247.6
11358.16
11361.63
11425.48
11362.88
11278.96
11264.1
11279.61
11064.3
10969.77
10930.22
10890.7
10868.44
10937.89
10909.43
10933.95
11027.01
11067.4
11024.73
10931.46
10847.21
10822.97
10828.27
10877.76
10921.41
10924.7
10776.61
10837.05
10833.96
10819.65
10822.45
10871.85
10865.51
10854.28
10901.25
10861.68
10824.22
10835.56
10789.87
10745.49
10802.6
10819.57
10850.07
10884.65
10970.42
10997.36
10961.92
11020.15
11028.12
10952.78
10928.88
10903.47
10929.76
10913.43
10927.79
10897.63
10813.11
10794.21
10784.27
10860.95
10812.72
10822.45
10859.86
11109.06
11131.73
11041.79
11163.79
11281.45
11185.73
11172.59
11170.44
11140.59
11134.69
11222.83
11290.21
11402.9
11346.76
11306.34
11225.06
11279.38
11282.85
11292.31
11345.34
11435.31
11641.78
11596
11451.94
11519.38
11677.9
11480.74
11350.8
11356.22
11299.19
11254.34
11336.26
11294.18
11301.87
11235.71
11293.08
11306.73
11267.96
11231.85
11132.23
11124.4
11066.29
11117.82
11111.88
11137.72
11085.52
11008.05
11040.33
11013.27
11045.94
11003.92
11091.85
11008.95
10967.92
10969.13
10921.9
10873.18
10786.11
10832.05
10732.28
10812.11
10888.11
10976.06
10872.61
10828.43
10709.71
10706.41
10698.48
10713.6
10720.26
10728.17
10598.93
10479.77
10542
10594.59
10611.67
10585.89
10636.59
10705.69
10558.19
10572.73
10469.76
10409.13
10379.08
10283.26
10301.39
10372.32
10235.67
10195.07
10153.23
10125.92
10136.1
10091.97
10108.15
10099.02
10229.21
10209.15
10208.54
10263.42
10284.43
10253.07
10186.42
10229.56
10266.7
10274.33
10373.93
10481.18
10433.58
10331.51
10234.97
10323.78
10348.83
10245.01
10235.56
10147.95
10184.02
10259.39
10265.01
10220.05
10313.05
10463.9
10443.07
10430.06
10383.07
10373.44
10306.05
10229.67
10237.16
10221.37
10217.42
10209.96
10235.08
10179.46
10222.24
10177.74
10141.04
10133.23
10123.17
10096.46
10108.42
10111.87
10103.21
9999.09
10070.27
10076.74
9988.88
9968.38
10040.07
10009.54
9973.96
9889.59
9898.7
9892.18
9870.83
9848.2
9885.19
9874.98
9850.54
9867.91
9987.23
9977.25
9982.36
10043.44
10006.65
9969.59
9962.63
9866.84
9804.21
9825.54
9861.02
9825.24
9793.83
9852.51
9844.83
9872.26
9866.01
9830.11
9878.86
9940.92
9911.94
9983.76
9965.85
9920.79
9918.35
9966.21
9915.87
9894.01
9865.31
9925.03
9982.3
9987.67
9951.55
10014.9
10077.9
10093.66
10043.27
9993.1
9994.21
10055.31
10006.25
10027.28
10036.8
10037.35
10000.15
10070.65
10159.34
10123.02
10157.77
10201.03
10289.05
10353
10589.26
10517.28
10453.03
10432.27
10599.1
10547.31
10700.05
10596.73
10648.24
10637.48
10632.66
10525.09
10455.65
10361.48
10340.83
10361.1
10337.83
10345.34
10398.75
10417.13
10395.82
10411.83
10390.49
10363.13
10322.59
10256.48
10334.85
10264.4
10291.65
10344.03
10329.82
10338.53
10415.85
10507.1
10506.27
10556.59
10496.47
10493.01
10490.53
10383.41
10337.64
10363.67
10310.26
10181.92
10127.81
10165.48
10190.68
10179.45
10137.56
10200.26
10218.74
10101.9
10066.55
9999.79
9976.35
9981.77
9913.18
9897.25
9888.28
9886.14
9875.18
9897.49
9959.62
9955.08
9943.65
9834.09
9882.54
9863.92
9771.5
9778.58
9740.42
9838.14
9864.03
9869.41
9838.58
9958.93
9996.69
9987.26
9980.63
10014.06
9879.7
9777.87
9794.71
9759.89
9788.54
9723.1
9684.77
9646.81
9593.58
9629.63
9603.43
9607.69
9621.64
9553.15
9533.02
9479.28
9556.51
9474.56
9381.17
9350.74
9293.72
9361.5
9325.85
9581.16
9457.71
9429.82
9584.4
9569.13
9691.95
9533.54
9602.69
9515.55
9405.92
9314.33
9307.38
9308.68
9326.81
9295.09
9265.92
9203.28
9249.01
9382.55
9274.78
9239.17
9236.11
9139.49
9109.39
9026.77
8912.01
8827.99
8820.39
8752.05
8715.25
8698.11
8750.74
8618.1
8578.45
8681.49
8690.45
8657.42
8723.1
8641.67
8567.03
8577.33
8569
8447.14
8437.33
8361.66
8332.8
8363.54
8310.64
8243.41
8208.46
8194.33
8176.06
8212.67
8261.2
8324.44
8332.84
8224.03
8256.98
8214.78
8304.56
8296.88
8174.92
8131.33
8028.42
8056.75
7988.69
7962.34
8061.16
8097.22
8076.98
8138.13
8250.84
8234.86
8361.4
8270.31
8313.93
8204.5
8108.98
8080.39
8078.53
8103.07
8385.54
8413.78
8536.83
8518.52
8352.93
8331.56
8241.21
8280.02
8322.42
8413.73
8244.01
8216.87
8171.23
8232.25
8223.11
8223.61
8122.5
8122.92
8166.21
8217.94
8097.73
8016.56
7977.87
7979.17
7876.37
7846.89
7875.1
7872.62
7830.4
7746.69
7718.04
7679.05
7692.7
7670.79
7678.61
7807.41
7623.38
7672.78
7647.78
7632.07
7608.08
7696.74
7718.25
7839.97
7737.65
7697.86
7655.26
7612.87
7541.13
7531.77
7564.18
7527.65
7430.77
7358.77
7351.68
7407.54
7395.47
7365.08
7316.17
7324.18
7311.41
7199.24
7164.71
7185.45
7287.55
7145.29
7126.09
7014.6
6966.49
6906.9
6939.13
6873.8
6960.44
6880.77
6852.1
6873.33
6735.17
6726.96
6839.89
6954.99
6784.89
6611.65
6677.44
6625.09
6578.24
6633.94
6543.22
6543.68
6590.5
6696.85
6689.08
6563.84
6486.21
6597.15
6670.71
6621.2
6791.77
6845.13
6993.04
6983.82
6868.9
6763.92
6783.91
6959.3
6968.7
7100.19
7099.98
7183.06
7275.7
7183.12
6964.71
6901.88
6947.42
6915.52
6933.3
6977.66
7072.32
7199.82
7275.2
7216.1
7088.12
7013.69
6996.29
6985.27
6858.31
6890.31
6851.95
6866.43
6870.33
6882.8
6804.42
6735.45
6732.39
6650.88
6669.42
6688.88
6697.64
6890.67
6934.39
6808.2
6804.24
6848.94
6911.39
7011.7
7031.68
6908.95
6934.73
7191.54
7174.55
7409.69
7817.86
7366.81
7494.07
7493.27
7302.89
7377.37
7320.98
7397.89
7593.18
7533.87
7567.07
7662.68
7589.29
7556.2
7377.42
7339.5
7379.68
7229.11
7140.91
7328.24
7328.05
7248.39
7215.73
7217.87
7048.26
7029.37
7069.6
7005.98
6992.2
6934.93
6946.96
7060.05
7233.93
7201.51
7184.66
7039.49
7001.03
7052.41
7236.01
7214.34
7196.59
7182.83
7192.37
7190.61
7018.22
6935.71
6928.57
6814.27
6707.53
6774.81
6782.61
6852.39
6946.82
7117.78
6999.23
6955.59
6956.56
6878.64
6820.03
6775.18
6799.43
6851.39
6908.17
6842.08
6757.35
6654.62
6601.83
6574.97
6534.76
6526.82
6565.48
6503.74
6478.88
6470.9
6477.32
6420.29
6498.92
6490.31
6429.52
6309.98
6309.73
6348.88
6337.44
6310.43
6305.18
6171.05
6142.13
6138.41
6034.08
6077.31
6141.15
6175.19
6030.39
5968.68
5976.72
5946.84
5960.95
5897.77
5843.05
5796.96
5833.22
5808.96
5738.69
5695.39
5637.39
5573.28
5652.25
5625.16
5653.39
5625.15
5550.16
5491.32
5427.5
5302.48
5397.25
5452.65
5435.97
5409.59
5399.64
5462.8
5437.16
5388.27
5395.9
5434.13
5511.65
5601.46
5804.35
5630.04
5693.91
5554.27
5359.29
5438.96
5438.05
5516.62
5449.48
5331.83
5392.22
5371.02
5370.42
5372.61
5459.17
5358.86
5297.57
5269.32
5192.55
5190.3
5318.65
5322.37
5293.13
5280.78
5233.29
5271.52
5199.86
5169.07
5212.07
5199.5
5247.39
5388.7
5471.88
5447.44
5346.01
5410.28
5465.51
5478.73
5383.14
5350.32
5252.38
5247.9
5195.77
5233.58
5145.51
5136.56
5086.05
5071.06
5054.53
5023.79
5040.11
5054.65
5030.22
4995.85
4960.26
4946.65
4885.87
4872.15
4900.76
4992.77
4993.65
5010.6
5094.85
5114.27
5122.85
5072.53
5143.71
5232.67
5249.09
5355.47
5442.4
5347.32
5455.59
5614.94
5509.07
5522.5
5449.17
5464.26
5277.42
5262.55
5342.22
5566.82
5580.5
5442.26
5602.65
5819.85
5923.72
5990.2
6048.19
5873.62
5999.25
5935.23
5870.62
5741.85
5842.46
6126.52
6154.53
5992.86
6037.48
5987.78
6282.29
6382.46
6669.24
6499.77
6276.96
6347.63
6453.6
6357.08
6416.25
6625.14
6968.76
7092.46
7218.19
6804.04
6925.3
7258.69
7108.12
6655.79
6541.35
6374.25
6379.2
6288.37
6294.42
6105.17
6203.77
6250.84
6232.15
6183.87
6009
6143.94
6172.05
6054.97
5922.33
5923.07
5767.48
5872.56
5880.48
5912.43
5991.21
5959.11
5972.32
5982.06
5830.06
5867.89
5882.96
5736.36
5579.8
5474.9
5527.87
5523.04
5414.05
5363.37
5501.43
5715.33
5787.89
5699.5
5672.51
5646.21
5633.63
5618.32
5628.98
5734.43
5744.45
5699.05
5616.81
5555.63
5601.7
5421.15
5384.29
5296.93
5252.9
5217.2
5237.36
4928.27
4843.51
4735.95
4810.67
4826.51
4922.74
4984.72
5221.76
5177.33
5084.96
4954.95
4955.41
4835.48
4889.73
5076.51
5075.12
5068.5
5040.14
4956.94
4907.21
4840.77
4916.46
4991.33
4993.71
4990.44
5032.65
5207.54
5234.96
5157.38
5112.03
5100.71
5120.64
5210.56
5152.93
5100.53
5020.42
4924.48
4899.11
4983.19
5001.2
5064.8
5051.79
5136.43
5075.96
4925.85
4985.74
4989.28
5002.24
4950.58
4876.75
4868.14
4836.47
4860.73
4875.01
4802.47
4837.95
4955.44
5023.94
4943.77
5001.02
4934.02
4953.51
4902.84
4884.74
4791.51
4773.04
4761.08
4735.43
4736.94
4692.44
4725.98
4787.06
4783.69
4719.66
4837.07
4798.52
4755.25
4774.4
4755.79
4655.84
4672.24
4682.36
4655.49
4634.51
4636.46
4709.81
4730.44
4752.87
4741.87
4731.01
4760.97
4743.3
4807.91
4901.88
4855.06
4796.23
4755.96
4747.59
4823.54
4811.61
4887.21
4867.06
4832.6
4858.41
4852.43
4805.54
4779.32
4720.78
4716.71
4695.33
4736.56
4682.4
4701.75
4693.47
4646.83
4615.6
4596.44
4544.33
4557.73
4591.81
4651.62
4700.99
4669.48
4644.12
4643.37
4549.86
4523.95
4428.47
4432.28
4453.57
4453.63
4441.38
4443.34
4507.7
4488.75
4445.69
4455.84
4464.33
4566.51
4635.8
4680.83
4729.62
4790.34
4777.12
4781.62
4917.85
4838.29
4847.26
4873.82
4906.02
5013.26
4995.75
4912.68
4982.53
4960.27
4836.6
4744.11
4728.11
4699.32
4711.34
4786.7
4740.47
4694.54
4659.11
4566.84
4572.45
4571.98
4592.64
4675.34
4643.16
4738.32
4623.36
4584.68
4595.17
4604.52
4567.77
4534.15
4569.97
4608.69
4620.57
4671.2
4704.63
4664.8
4727.08
4751.2
4704.27
4782.11
4733.38
4803.28
4812.33
4809.44
4846.01
4777.9
4731.86
4705.21
4665.21
4667.04
4662.14
4703.94
4744.73
4781.88
4856.26
4899.87
4787
4777.43
4787.66
4675.41
4702.65
4654.49
4668.27
4569.51
4503.82
4516.28
4506.3
4469.33
4426.47
4405.54
4396.21
4380.62
4340.68
4273.64
4281.2
4215.04
4194.68
4194.87
4129.19
4125.7
4204.09
4191.65
4180.04
4077.31
4042.75
4059.97
4107.12
4082.78
4087.5
3981.63
3975.34
3930.89
3947.27
3941.43
3977.76
3965.33
3933.38
3959.14
3928.45
3911.25
3874.63
3888.92
3833.6
3734.57
3713.01
3711.8
3709.69
3696.14
3621.83
3665.64
3810.94
3906.55
3942.52
3813.88
3761.76
3796.33
3815
3783.61
3670.45
3630.4
3722.8
3717.65
3710.18
3756.92
3759.31
3811.87
3757.29
3705.57
3709.99
3787.64
3701.37
3617.01
3511.4
3460.76
3515.84
3422.26
3412.55
3424.63
3411.14
3432.41
3514.59
3501.01
3466.56
3490.82
3524.47
3531.6
3488.68
3467.81
3406.49
3462.37
3425
3390.95
3280.67
3254.67
3247.96
3271.19
3309.07
3316.86
3277.89
3378.08
3376.23
3489.37
3426.84
3390.34
3356.44
3370.09
3369.38
3375.94
3299.25
3307.75
3273.01
3279.85
3380.03
3382.28
3468.91
3430.07
3518.57
3424.55
3372.64
3360.07
3429.36
3426.8
3426.16
3524.11
3564.45
3506.31
3495.42
3469.26
3445.14
3387.77
3435.76
3348.8
3269.11
3340.72
3348.11
3320.21
3363.77
3429.67
3507.78
3435.21
3391.69
3429.98
3329.91
3395.74
3385.87
3505.14
3589.24
3561.24
3619.53
3535.56
3543.98
3492.06
3443.82
3414.66
3366.67
3269.76
3301.34
3335.08
3369.35
3360.92
3357.74
3359.1
3353.13
3307.02
3333.07
3369.39
3377.99
3352.96
3390.87
3405.49
3400.65
3406.57
3424.24
3412.17
3522.33
3464.92
3439.61
3441.19
3455.03
3465.14
3399.21
3393.68
3415.53
3404.71
3372.85
3360.59
3339.55
3366.68
3380.28
3367.21
3417.71
3420.02
3437.25
3431.49
3514.72
3540.1
3500.02
3513.58
3522.94
3590.23
3552.55
3527.71
3516.69
3481.31
3465.99
3468.41
3444.87
3455.91
3443.1
3464.79
3473.21
3485.91
3489.45
3491.16
3516.41
3481.84
3465.4
3476.47
3492.14
3487.5
3405.17
3347.38
3389.16
3407.49
3389.19
3453.68
3453.16
3461.63
3508.37
3474.25
3478.79
3528.06
3537.39
3583.74
3662.92
3660.62
3634.33
3671.29
3661.11
3673.74
3688.77
3656.75
3627.05
3659.93
3632.96
3662.17
3749.25
3732.53
3828.51
3825.97
3798.89
3793.62
3820.12
3903.02
3754.9
3715
3704.86
3611.93
3651.64
3689.83
3661.19
3652.75
3597.95
3579.02
3574.95
3569.75
3579.74
3590.87
3607.22
3634.84
3696.1
3764.24
3638.16
3608.37
3639.92
3676.56
3762.62
3729
3814.28
3772.13
3693.03
3692.17
3731.9
3722.11
3812.26
3774.16
3858.74
3715.35
3748.45
3725.49
3734.75
3675.94
3693.89
3737.86
3799.41
3873.82
3855.34
3799.17
3937.08
3960.95
3926.25
3876.2
3836.69
3836.53
3897.77
3932.97
3856.19
3872.02
3894.05
3952.54
3990.18
3914.84
3873.23
3855.43
3912.88
3835.87
3862.91
3892.32
3876.12
3876.67
3853.6
3849.71
3866.16
3871.76
3897.57
3854.69
3912.75
3950.34
3950.62
3919.29
3980.62
3965.57
4025.77
3989.96
3989.72
4053.84
4009.43
4086.83
4093.53
4126.74
4190.9
4256.49
4363.91
4292.09
4270.16
4285.54
4322.43
4305.97
4262.31
4200.01
4199.69
4241.79
4278.19
4396.24
4432.85
4497.79
4415.98
4515.23
4542.21
4462.38
4561.39
4759.74
4625.12
4465.28
4373.83
4449.71
4442.11
4422.76
4420.21
4581.32
4556.49
4449.94
4464.32
4405.1
4299.56
4277.48
4270
4320.7
4173.08
4194.12
4230.46
4284.57
4245.38
4255.54
4215.44
4150.96
4106.92
4136.67
4223.5
4210.02
4190.66
4190.63
4216.16
4118.9
4155.66
4208.11
4183.35
4188.49
4138.1
4100.43
4092.39
4072.5
4114.49
4092.55
4150.36
4140.16
4173.01
4234.25
4222.97
4234.83
4221.05
4163.76
4187.95
4206.38
4206.9
4234.7
4365.78
4319.11
4373.88
4421.15
4495.39
4467.97
4489.91
4492.99
4471.6
4457.12
4530.22
4552.7
4503.9
4424.65
4365.02
4427.62
4459.18
4491.14
4609.23
4611.14
4663.06
4731.67
4689.75
4651.68
4692.94
4712.3
4813.42
4716.45
4769.11
4736.69
4793.9
4879.77
4811.58
4725.72
4656.75
4607.62
4607.85
4638.04
4686.57
4667.52
4670.52
4752.25
4858.62
4930.33
4874.83
4813.14
4851.02
4909.03
5024.37
5020.24
4988.53
4985.55
4955.98
4861.71
4863.36
4950.57
4939.8
5064.08
5056.02
5130.21
5068.83
5205.21
5330.83
5472.85
5501.89
5855.6
5783.12
5726.15
6079.74
5860.31
5889.15
6046.95
6315.31
6508.47
6081.29
6027.66
5912.25
5832.74
5655.49
5810.67
5708.78
5711.1
5484.7
5561.24
5555.73
5550.74
5368.06
5303.87
5323
5486.34
5387.86
5269.75
5381.23
5461.85
5348.48
5195.84
5154.9
5279.11
5147.68
5271.11
5440.81
5340.11
5294.69
5304.4
5151.41
5176.49
5115.07
4988.22
5067.15
5206.19
4987.77
5001.7
5008.72
4956.1
4889.6
4952.9
4976.56
4923.79
4922.24
4949.26
5045.75
5114.24
5118.55
5078.73
5099.15
5037.63
4858.97
4851
4897.37
4993.85
4962.06
5032.1
5149.04
5204.98
5026.81
5044.48
5085.21
5133.55
5022.42
5024.24
4916.47
4881.38
4951.54
4850.24
4867.21
4954.09
4995.11
4997.46
5074.39
5033.39
5183.45
5114.08
5200.23
5095.3
5110.42
5165.62
5148.43
5100.6
5015.6
5028.47
4978.87
5053.28
5128.16
5073.27
5057.03
5146.97
5266.71
5342.63
5290.65
5310.36
5239.66
5259.51
5218.48
5154.3
5242.17
5271.04
5403.93
5429.83
5355.67
5434.14
5337.03
5297.55
5191.02
5143.54
5115.28
4973.26
4996.02
4974.73
4951.56
4922.14
4954.67
5012.07
5041.33
5030.6
4971.46
4943.75
4921.68
4986.07
5019.65
4991.24
5037.42
5009.87
5007.8
4942.94
4999.96
4994.9
5072.22
5091.54
5195.39
5170
5117.44
5212.14
5186.46
5134.09
5004.71
5000.53
5057.24
5052.47
5114.81
5126.18
5172.32
5246.44
5266.93
5302.86
5250.65
5298.32
5369.09
5398.38
5439.71
5303.12
5326.63
5418.97
5350.18
5252.71
5224.13
5249.35
5285.89
5341.99
5352.22
5435.25
5422.66
5408.98
5374.85
5419.67
5436.31
5553.41
5493.23
5565.66
5768.3
5755.64
5739.51
5857.95
5870.58
5761.95
5918.86
5984.67
6152.83
5877.23
5887.04
6009.82
6135.88
6179.44
6402.05
6229.3
6353.09
6238.66
5968.38
5975.66
6229.08
6376.1
6192.54
5882.04
5903.12
5983.12
6234.44
6443.61
6439.47
6838.09
6827.96
6562.75
6492.94
6846.47
7232.45
7479.29
7542.27
7305.83
7244.05
6716.69
6794.64
6811.33
7137.03
7168.31
7453.12
7013.14
7088.74
6721.31
6593.05
6786.97
6716.52
6987.11
6753.78
6663.65
6393.7
6517.04
6444.04
6286.43
6399.16
6515.75
6299.66
6594.88
6747.7
6642.37
6817.96
7154.32
7085.63
7149.79
6847.48
6990.81
6787.6
6574.64
6896.85
7056.22
7100.49
7166.38
7485.91
7658.22
7726.26
8033.71
8144.96
7956.95
7478.74
7574.07
8026.99
7802.17
7475.96
7656.34
7924.91
7990.24
8125.9
8203.27
7882.98
7471.01
7580.89
7037.48
7152.83
6886.15
6912.03
6854.39
6969.49
7270.22
7059.95
7097.57
6952.4
7300.14
7040.22
6898.38
6985.46
6694.77
6640.24
6732.34
6975.22
7075.79
7124.97
7069.09
7123.93
6861.82
6835.94
6740.15
6799.5
6816.97
6551.05
6542.24
6570.82
6755.4
6518.82
6482.89
6515.74
6505.58
6695.1
6718.14
6849.15
6838.12
7037.63
6958.86
6880.51
7001.88
7121.86
6853.74
6940.28
7117.82
7181.24
7084.42
7037.63
7305.58
7243.11
6834.5
6889.93
6817.06
6885.38
7038.01
6917.31
6927.2
6906.52
6874.92
6957.41
6972.06
7211.25
7327.91
7409.66
7565.92
7597.49
7713.83
7993.72
7975.41
7868.72
7693.23
7660.12
7586.91
7876.67
7729.76
7923.94
8057.65
8091.03
7846.67
8040.19
8089.94
7800.68
7661.3
7523.91
7764.7
7886.9
7763.01
7933.69
8226.03
8315.55
8133.31
7994.18
7991.74
8177.15
8227.28
8376
8586.02
8832.14
8843.05
9231.67
8607.74
8152.26
7848.92
7865.11
7744.64
7852.91
7518.18
7937.19
7713.44
7758.1
7902.5
7905.11
8261.64
8139.67
7774.64
7693.9
7553.3
7246.06
7348.21
7358
7543.41
7459.39
7374.62
7233.75
7305.83
7213.53
7158.86
7091.55
7257.72
7381.08
7149.97
7217.33
7212.26
7213.32
7221.61
7132.15
7017.76
7114.37
7326.35
7241.35
7232.22
7249.16
7259.5
7153.42
7138.81
7449.09
7446.74
7512.81
7404.26
7455.72
7473.14
7416.91
7253.9
7250.23
7190.94
7041.88
7081.63
6997.45
7083.19
6915.91
7013.68
6949.91
6830.08
6754.27
6862.9
6719.22
6683.06
6626.65
6720.38
6658.25
6832.08
6843.44
6824.81
6828.03
6827.08
6924.07
7075.66
6916.59
6913.71
6952.96
6730.7
6713.3
6765.54
6853.09
6753.36
6646.25
6685.35
6727.18
6831.41
6806.57
6917.19
6869.2
6892.01
6745.74
6851.85
6728.97
6773.97
6737.76
6641.18
6747.62
6813.69
6743.76
6865.16
6869.66
6802.54
6752.56
6705.61
6703.26
6579.75
6568.06
6505.54
6493.18
6535.56
6482.1
6458.69
6532.35
6604.14
6543.43
6505.27
6554.72
6443.76
6447.24
6344.45
6351.79
6410.27
6361.53
6438.34
6534.42
6516.79
6583.3
6562.68
6487.32
6484.23
6430.41
6495.5
6669.53
6726.1
6768.93
6803.07
6851.34
6875.53
7001
6875.05
6888.86
6658.05
6711.61
6767.45
6775.69
6619
6653.57
6537.07
6565.92
6517.72
6552.96
6571.59
6570.28
6550.49
6679.58
6735.93
6754.08
6675.42
6595.46
6561.3
6522.65
6514.44
6373.48
6384.7
6427.76
6387.16
6312.7
6373.13
6408.15
6388.69
6365.99
6318.04
6488.63
6494.37
6518.69
6534.4
6510.72
6375.91
6393.44
6408.18
6368.97
6382.81
6277.9
6296.57
6233.45
6235.5
6285.77
6336.39
6286.42
6315.09
6258.89
6258.02
6228.98
6233.44
6245.43
6193.95
6170.52
6197.47
6181.04
6173.94
6134.51
6122.14
6099.36
6019.41
5998.86
6004.16
6054.89
5971.12
6016.6
6032.14
6015.36
5957.07
5933.82
5881.9
5855.12
5897.16
5868.37
5832.32
5831.55
5869.85
5850.54
5825.79
5900.27
5944.16
5915.27
5942.14
5987.44
5995.72
5959.59
5883.04
5863.29
5843.88
5833.52
5905.42
5873.33
5837.26
5833.46
5762.93
5819.75
5815.52
5899.03
5886.45
5864.45
5845.52
5796.24
5741.17
5780.46
5730.1
5744.25
5718.55
5789.99
5791.36
5967.69
5968.34
6134.4
6097.14
5990.93
6119.28
6101.79
6231.04
6228.13
6255.52
6139.6
6115.05
6042.07
6055.93
6065.5
5996.1
5857.74
5817.48
5899.99
5928.08
5914.01
5853.26
5921.37
5926.35
5901.23
5919.1
5879.27
5927.59
5882.2
5849.07
5867.47
5870.63
5969.28
6033.71
6075.01
6035.73
6050.93
6000.48
6123.64
6144.02
6306.11
6221.92
6316.34
6240.69
6281.84
6365.72
6328.38
6201.92
6250.27
6276.56
6235.38
6274.45
6204.82
6154.6
6189.26
6162.44
6244.57
6206.47
6192.24
6122.48
6053.99
6053.47
6082.08
6054.86
6062.31
6146.25
6088.11
6041.88
6042.54
6011.14
6024.89
6098.58
6074.72
6012.95
6021.07
5977.87
6002.65
6040.49
6050.79
6100.27
6100.3
6144.89
6147.05
6119.79
6121.87
6159.52
6153.35
6172.82
6261.2
6267.37
6305.49
6281.73
6234.31
6345.75
6363.04
6443.34
6371.19
6382.65
6259.76
6254.86
6311.73
6274.55
6340.43
6329.39
6496.22
6553.28
6496.21
6558.92
6573.94
6596.93
6535.99
6505.32
6480.95
6473.45
6488.33
6398.12
6406.56
6393.96
6337.1
6300.43
6320
6382.25
6333.09
6287.95
6223.09
6204.82
6197.57
6209.51
6246.88
6213
6135.94
6156.89
6175.18
6171.15
6121.04
6150.65
6119.07
6187.71
6242.74
6232.93
6269.08
6250.02
6221.77
6267.92
6108.22
6050.49
6036.91
6033.86
6028.73
6068.15
6075.87
6132.64
6124.1
6160.42
6166.98
6179.68
6107.71
6178.03
6140.21
6135.71
6257.75
6247.02
6138.77
6070.34
6085.72
6039.55
5995.21
5984.31
5987.44
5956.19
5963.11
5979.45
5964
5899.76
5893.29
5914.16
5953.93
5865.21
5875.99
5925.27
5954.96
5961.23
5962
5906.07
5917.35
5935.32
5966.31
5890.63
5863.97
5894.92
5911.04
5883.31
5896.03
5946.15
5914.02
5866.24
5855.57
5880.52
5865.73
5942.79
5914.51
5901.85
5852
5826.42
5826.62
5842.46
5821.41
5825.94
5830.38
5831.52
5796.1
5794.63
5841.97
5804.88
5778.98
5786.04
5840.98
5891.72
5867.6
5844.46
5816.97
5818.89
5824.55
5868.89
5863.25
5871.35
5830.49
5835.46
5807.76
5837.59
5782.94
5736.6
5711.52
5734.76
5684.48
5658.63
5652
5673.98
5675.3
5608.69
5618.49
5598.69
5632.71
5635.58
5627.59
5644.91
5679.45
5712.11
5718.95
5647.91
5657.96
5621.39
5614.24
5623.26
5571.37
5559.48
5590.79
5619.12
5671.42
5659.62
5660.9
5618.99
5713.66
5699.86
5674.75
5705.31
5682.87
5708.84
5664.72
5651.91
5676.68
5678.3
5668.97
5706
5665.58
5643.75
5617.82
5621.73
5638.81
5667.69
5639.97
5650.16
5763.87
5892.09
5873.62
5900.19
5888.82
5837.5
5818.6
5826.73
5906.7
5930.96
5933.2
5896.82
5870.5
5834.62
5789.34
5761.61
5786.79
5833.02
5858.92
5815.04
5812.93
5827.28
5836.38
5734.44
5705.84
5709
5672.55
5681.39
5694.47
5646.3
5650.76
5629.74
5666.46
5576.54
5568
5598.45
5627.44
5563.38
5580.31
5585.71
5548.93
5522.65
5517.99
5545.34
5523.89
5492.38
5522.51
5492.61
5489
5474.59
5526.34
5578.09
5526.2
5497.9
5493.39
5447.31
5437.33
5450.96
5424.07
5515.62
5421.39
5386.56
5403.86
5363.83
5337.26
5335.42
5340.88
5280.26
5297.09
5304.05
5315.91
5309.1
5302.14
5290.13
5255.26
5266.17
5277.64
5231.4
5241.82
5294.17
5342.97
5325.42
5263.14
5201.13
5227.47
5259.26
5273.4
5304.01
5319.4
5343.18
5271.67
5269.9
5319.81
5328.54
5386.95
5444.47
5419.58
5430.01
5380.8
5350.91
5364.36
5319.32
5257.56
5246.14
5251.18
5231.36
5240.98
5287.03
5266.27
5266.83
5223.99
5241.76
5211.9
5288.17
5311.86
5281.54
5173.38
5199.37
5130.56
5156.09
5132.88
5103.54
5082.1
5149.28
5202.13
5218.18
5209.01
5199.88
5242.82
5287.79
5259.58
5250.11
5285.1
5373.16
5365.31
5388.35
5325.85
5354.8
5336.3
5438.87
5431.38
5309.15
5322.08
5309.56
5244.58
5255.11
5245.12
5247.41
5257.29
5249.62
5179.66
5172.4
5170.31
5204.79
5186.16
5151.63
5119.1
5118.95
5088.53
5107.15
5097.53
5118.4
5103.35
5128.4
5047.95
5022.4
5052.82
5028.15
5045.24
5038.64
5053.04
5035.84
5016.04
5029.79
5025.9
4977.37
4987.23
4973.81
4931.4
4933.3
4922.35
4907.5
4917.77
4903.12
4954.47
4921.3
4908.28
4857.15
4860.73
4839.06
4834.63
4870.6
4839.6
4838.13
4892.74
4874.1
4920.65
4975.67
4944.19
5003.2
5014.28
5031.39
4967.49
4880.08
4821.67
4833.96
4816.32
4768.77
4834.99
4833.73
4830.62
4833.25
4846.26
4773.71
4814.27
4774.69
4766.31
4772.92
4739.4
4725.85
4728.89
4713.48
4665.49
4672.44
4657.47
4641.57
4722.01
4683.2
4735.87
4773.97
4750.11
4761.94
4784.41
4746.89
4696.12
4665.36
4655.65
4645.78
4649.41
4658.89
4649.14
4642.46
4618.62
4629.25
4617.01
4670.24
4691.3
4673.41
4615.07
4640.59
4612.63
4647.23
4631.23
4635.05
4681.57
4658.67
4725.69
4741.19
4738.1
4753.01
4690.46
4643.22
4609.66
4642.72
4632.79
4614.43
4640.72
4672.03
4674.1
4647.59
4696.73
4671.46
4634.13
4632.14
4616.75
4649.88
4681.48
4788.8
4841.04
4816.69
4979.01
4978.15
4952.76
5071.68
4957.06
5019.97
4936.24
4848.96
4877.58
4995.81
4932.17
4917.75
4933.88
4980.19
5084.84
5037.64
5179.73
5092.75
5153.04
5261.44
5252.62
5131.75
5176.18
5138.76
5103.36
5086.7
5061.56
5054.79
5078.97
5119.87
5122
5010.92
4918.97
4902.46
4892.75
4962.98
4903.75
4919.32
4901.15
4967.04
4950.34
5043.76
5121.44
5137.92
5148.28
5011.19
5006.42
5052.6
4947.24
4949.97
4938.14
4883.57
4845.8
4872.51
4940.93
4866.03
4904.22
4837.87
4917.91
4905.4
4853.87
4896.27
4897.61
4841.42
4780.71
4750.14
4739.68
4751.34
4771.5
4752.99
4795.87
4767.48
4769.16
4736.99
4739.97
4727.01
4739.14
4724.78
4706.47
4731.59
4788.85
4830.93
4818.34
4831.11
4771.38
4751.3
4763.29
4744.62
4751.57
4787.67
4711.05
4692.44
4747.25
4737.94
4675.76
4648.46
4650.68
4646.18
4656.84
4672.39
4631.54
4602.63
4602.93
4606.4
4582.44
4575.45
4538.81
4540.57
4539.79
4600.07
4552.22
4558.26
4546.1
4524.94
4531.42
4526.47
4518.13
4530.21
4546.67
4547.65
4537.67
4583.41
4566
4505.89
4475.94
4475.72
4477.44
4488.33
4466.2
4469
4443.02
4442.78
4475.79
4461.03
4461.51
4463.52
4474.38
4516.39
4596.88
4601.36
4546.67
4588.03
4652.33
4618.42
4566.81
4574.07
4556.19
4555.66
4520.76
4513.96
4476.35
4450.44
4427.74
4441.73
4474.43
4455.62
4463.49
4506.29
4443.01
4448.43
4460.88
4397.22
4391.66
4403.53
4455.44
4464.6
4458.81
4501.39
4419.67
4411.14
4400.44
4420.41
4445.07
4456.05
4418.42
4455.42
4456.75
4406.65
4420
4449.13
4432.66
4403.34
4421.72
4387.92
4371
4374.55
4369.2
4351.91
4378.5
4356.23
4394.07
4368.68
4340.73
4350.64
4362.46
4345.72
4362.81
4381.92
4373.52
4369.73
4345.24
4463.66
4539.29
4602.2
4625.56
4664.72
4630.09
4617.64
4548.96
4539.73
4570.01
4626.01
4755.29
4659.62
4661.81
4581.77
4555.59
4557.93
4456.31
4434.28
4489.43
4477.92
4506.26
4450.6
4450.52
4444.34
4385.09
4369.99
4360.96
4335.08
4344.34
4358.6
4321.51
4262.24
4258.12
4283.71
4303.31
4228.02
4246.67
4278.74
4243.79
4235.28
4266
4259.76
4260.61
4239.15
4228.68
4212.13
4218.88
4248.26
4235.96
4268.57
4239.12
4250.68
4225.18
4243.6
4238.79
4189.69
4206.64
4203.45
4176.31
4220.81
4211.45
4202.88
4204.38
4211
4170.49
4130.43
4150.41
4173.8
4244.85
4299.14
4304.95
4269.25
4301.56
4284.15
4203.99
4143.12
4164.84
4168.54
4152.55
4205.52
4215.18
4225.78
4262.73
4283.81
4240.25
4210.98
4232.18
4192.67
4183.17
4214.04
4184.42
4183.27
4234.65
4260.81
4194.54
4172.4
4161.45
4179.98
4241.8
4194.94
4267.68
4234.56
4302.29
4353.15
4461.92
4471.68
4480.4
4400.54
4481.73
4428.14
4490.54
4521.62
4443
4353.23
4443.03
4562.44
4461.98
4526.1
4540.64
4672.71
4564.62
4550
4549.07
4494.03
4495.7
4483.16
4483.64
4558.88
4534.79
4479
4428.93
4430.62
4402.43
4494.06
4473.23
4572.72
4604.16
4537.28
4523.83
4483.69
4513.88
4555.91
4469.92
4339.89
4363.79
4360.57
4373.2
4406.03
4370.92
4347.35
4355.55
4330.8
4314.68
4320.89
4322.97
4289.74
4311.08
4300.57
4306.32
4277.25
4275.81
4317.75
4332.4
4312.9
4334.66
4344.58
4401.68
4380.26
4402.53
4347.96
4321.24
4293.75
4302.88
4277.97
4349.96
4356.05
4376.07
4362.57
4370.48
4407.95
4475.38
4473.06
4464.55
4438.25
4476.94
4497.76
4559.3
4505.82
4592.86
4579.3
4515.48
4550.87
4566.46
4462.31
4437.21
4389.25
4415.45
4449.32
4377.59
4373.88
4343.4
4327.41
4343.42
4325.35
4421.84
4408.78
4484.19
4488.63
4497.72
4484.71
4413.09
4412.09
4398.61
4399.51
4407.08
4469.59
4476.51
4542.45
4531.89
4520.37
4560.25
4583.48
4597.82
4588.43
4693.11
4731.12
4781.21
4865.29
5224.25
5153.98
5396.35
5049.03
5092.59
5111.7
5052.3
5080.88
5077.37
4978.59
4982.4
5176.9
5118.11
5202.06
5200.57
5236.37
5058.73
5060.61
5068.82
5174.88
5072.81
5060.38
5123.74
5097.97
5154.57
5072.66
4998.96
4997.92
5092.88
5174.46
5246
5340.39
5231.61
5327.71
5389.28
5438.99
5347.46
5287.85
5358.71
5409.02
5617.04
5410.7
5456.2
5494.01
5301.79
5333.88
5275.06
5292.25
5314.72
5132.11
5072.62
5104.43
5078.17
5037
5061.71
5108.74
5134.07
5214.54
5258.45
5231.73
5150.88
5184.09
5069.23
5124.05
5171.06
5134.21
5137.51
5094.37
5070.47
5099.7
5058.66
5059.85
4991.61
5001.89
5037.99
5004.14
5025.84
5097.69
5086.03
5081.24
5028.6
5033.12
5023.73
5001.89
5080.27
5118.85
5121.46
5213.35
5218.13
5238.73
5194.53
5183.14
5148.94
5230.64
5208.14
5262.66
5286.91
5411.72
5414.33
5449.6
5550.43
5499.17
5469.23
5518.71
5484.41
5559.07
5594
5691.71
5694.25
5733.41
5640.58
5795.12
5841.27
5822.95
5928.45
5937.55
5862.33
5961.64
5860.97
5941.49
5843.56
5948.92
6104.77
6073.88
6214.14
6152.29
5996.15
5877.06
5859.33
5874.23
5767.44
5824.87
5832.25
5902.07
5883.08
5809.33
5809.87
5899.63
5952.5
5789.55
5741.38
5762.58
5744.91
5686.36
5702.25
5839.84
5837.6
5820.25
5827.06
5977.91
5951.03
6036.17
5919.64
5981.04
5951.45
5949.75
5842.48
5833.07
5839.44
5750.48
5831.78
5996.16
6160.53
5974.89
6018.25
6054.72
6093.37
5989.07
6225.12
6350.61
6495.34
6535.53
5986.78
6123.18
6205.38
6246.45
6073.18
6170.54
6464.53
6401.45
6341.51
6466.71
6239.63
6734.58
6711.62
7144.31
7319.79
7898.21
7034.33
6856.77
7302.6
7741.06
7396.51
7162.88
7204.62
7596.92
7616.78
7987.17
8129.63
7817
7380.17
7344.06
7160.4
7114.18
6720.11
6829.87
7256.01
7084.7
7025.32
7407.2
7655.86
7564.08
7482.91
7765.73
7684.04
7989.89
8232.65
8456.19
7623.25
7606.56
7646.31
7473.14
7467.16
7906.9
7681.05
7632.07
7635.89
8013.09
7315.34
7222.39
7180.51
7210.77
7404.58
7442.44
7310.8
7329.34
7306.39
7331.96
7474.15
7523.43
7539.28
7509.44
7311.71
7324.15
7060.19
7015.65
6947.77
7056.07
7118.05
7203.67
7306.84
7428.67
7777.12
7916.05
7833.6
7936.14
8118.85
8165.45
8271.95
8319.24
8015.31
8023.59
7670.09
7846.87
7959.51
8097.26
7927.85
7741.78
7757.46
7587.38
7571.76
7832.71
7834.14
8017.59
7969.85
8095.42
8367.81
8374.37
8389.31
8799.13
8888.73
8952.44
9008.49
8752.99
8948.12
9373.25
9463.83
9064.94
9491.02
9671.08
9711.75
9124.61
9062.26
8922.73
8891.87
8603.29
8694.53
8664.97
8577.9
8530.47
8237.46
8215.96
8132.15
8103.11
8247.1
8669.4
8408.91
8302.33
7832.08
7895.15
7964.53
8016.66
7938.51
7717.09
7613.54
7666.34
7539.52
7406.74
7698.08
7718.38
7574.11
7661.17
7456.91
7465.91
7584.86
7405.28
7276.23
7276.47
7141.81
7177.37
7088.98
7179.91
7012.08
7094.69
7121.85
7319.13
7331.13
7298.49
7118.35
7010.38
6932.1
7109.3
7080.92
7062.67
6981.43
6950.68
7024.88
7030.7
6784.69
6793.46
6929.81
6919.74
6875.2
6971.41
6940.51
6880.44
6821.9
6857.65
7071.29
7087.41
7211.21
7118.59
7058.98
7278.78
7296.98
7095.81
7143.72
7180.79
7037.6
7141.77
6999.08
7228
7207.32
7306.58
7378.35
7472.55
7399.19
7502.95
7293.72
7214.59
6970.33
6947.86
6919.09
6831.26
6778.67
6754.98
6603.02
6610.89
6563.53
6635.14
6565.05
6427.75
6468.1
6380.37
6387.91
6454.59
6408.61
6302.3
6332.02
6432.45
6342.18
6300.94
6385.66
6543
6475.75
6494.88
6394
6197.4
6123.9
6073.76
6100.42
6125.21
6067.92
6129.9
6261.29
6289.02
6299.7
6196.84
6105.7
6100.53
6025.55
6032.24
6002.66
6007.49
5978.41
5895.93
5869.11
5885.87
5916.26
5897.65
5886.22
5986.27
5999.61
5857.65
5871.26
5911.59
6039.71
6146.97
6080.14
5917.03
5945.09
5871.33
5882.48
5817.15
5887.69
5741.13
5764.07
5853.53
5744.87
5788.5
5765.36
5833.48
5865.97
5970.49
5969.87
6089.39
5987.99
6160.41
6117.14
6229.39
6112.39
6045.81
6044.17
5902.04
5909.72
5859.12
5867.54
5855.17
5767.97
5805.99
5802.88
5899.24
5955.52
5818.95
5860.44
5821.21
6017.16
5949.15
6020.7
5860.49
5847.97
5851.74
5782.29
5810.63
5905.25
5969.76
5899.57
5876.86
5830.64
5823.52
5747.15
5815.72
5856.94
5745.43
5706.93
5684.23
5685.19
5636.75
5618.6
5667.23
5669.77
5569.24
5579.39
5584.49
5588.9
5569.47
5583.84
5645.81
5643.03
5621.72
5714.82
5680.88
5629.22
5761.83
5863.45
5917.73
5979.58
5936.16
6020.95
6129.22
6040.89
6005.41
5926.57
5979.87
6187.14
6360.49
6281.91
6272.26
6197.87
6243.71
6257.3
6235.71
6150
6056.34
6021.26
5988.71
6021.74
6124.92
6115.21
6228.3
6126.22
6027.24
5975.97
5919.96
5933.68
5804.54
5801.11
5798.35
5740.81
5767.87
5762.76
5818.38
5746.77
5696.68
5730.93
5762.1
5776.62
5737.19
5750.23
5662.87
5676.68
5664.24
5679.32
5695.85
5603.95
5583.59
5611.43
5672.44
5573.74
5557.75
5583.72
5546.91
5538.46
5654.34
5672.66
5588.37
5656.36
5752.47
5711.8
5655.36
5863.18
5967.01
5882.38
5905.87
5906.82
6134.19
6199.53
6356.69
6627.52
5941.93
6003.18
5928.97
5929.59
6208.8
6205.66
6057.68
6234.5
6353.33
6342.03
6381.43
6555.54
6445.4
6218.73
6231.39
6240.69
6249.57
6260.67
6183.31
6372.5
6431.68
6480.39
6362.15
6232.68
6162.11
6056.89
5982.83
5977.67
5957.1
5937.74
5870.18
5917.54
6006.33
6138.48
6175.84
6083.45
6339.58
6297.54
6431.47
6422.12
6459.45
6277.03
6141.55
6066.98
6033.44
6022.7
5907.32
5904.56
5982.6
6109.33
6135.18
6152.37
6123.85
5950.7
5940.05
5888
5831.91
5838.76
5866.69
5889.79
5718.18
5724.75
5712.42
5724.1
5805.38
5705.48
5760.54
5916.81
5924.11
5950.61
5973.86
5886.73
5906.25
6022.46
6092.44
6053.93
6159.38
6223.42
6176.65
6121.18
6153.55
6138.64
5922.68
5922.95
5855.33
5839.87
5896.04
5840.61
5778.04
5782.36
5731.38
5728.61
5753.44
5773.63
5830.22
5734.8
5751.54
5837.64
5867.79
5751.9
5786.07
5789.74
5835.58
5845.88
5878.03
5947.25
5820.76
5775.66
5761.48
5764.58
5756.01
5784.94
5650.11
5659.15
5648.3
5630.9
5657.57
5629.51
5569
5585.76
5590.88
5620.66
5673.82
5641.75
5643.05
5660.04
5611.79
5671.95
5564.34
5580.41
5596.16
5552
5638.08
5667.45
5685.27
5633.54
5765.63
5722.46
5615.41
5634.23
5702.61
5848.91
5809.23
5794.55
5853.55
5997.19
6039.92
5878.58
5750.16
5748.21
5774.21
5705.98
5673.18
5629.59
5632.11
5601.2
5589
5627.58
5620.21
5667.75
5633.03
5558.19
5572.5
5582.52
5587.63
5657.1
5661.63
5627.81
5695.64
5724.59
5629.75
5620.46
5641.18
5636.32
5692.01
5788.31
5713.52
5545.04
5474.82
5465.93
5484.47
5418.63
5459.06
5452.41
5372.25
5357.55
5396.07
5378.11
5338.63
5402.52
5404.3
5307.37
5297.34
5327.81
5314.25
5264.97
5245.39
5264.32
5274.93
5277.49
5288.69
5267.74
5213.25
5208.97
5203.25
5298.01
5349.15
5400.22
5410.98
5345.3
5295.52
5348.11
5392.13
5373.22
5409.61
5442.45
5416.57
5435.74
5482.97
5531.98
5593.45
5726.84
5856.54
5717.03
5703.99
5565.29
5577.19
5555.03
5470.81
5468.08
5462.14
5469.49
5421.72
5469.01
5371.54
5384.83
5393.87
5356.52
5370.7
5332.84
5351.26
5427.4
5394.95
5454.27
5452.11
5585.84
5567.23
5443.22
5415.85
5382.72
5342.59
5293.17
5283.1
5288.41
5303.7
5389.55
5436.35
5387.62
5480.2
5411.21
5405.19
5452.1
5494.35
5520.51
5581.58
5547.24
5502.49
5572.51
5690.08
5676.13
5644.9
5679.32
5639.91
5650.78
5555.47
5622.23
5712.11
5698.92
5748.23
5729.41
5776
5721.61
5815.85
5814.23
5716.84
5816.79
5819.04
5735.24
5782.15
5668.95
5683.32
5814.17
5846.32
5829.68
5773.06
5664.02
5571.35
5518.75
5529.97
5568.09
5603.19
5579.83
5686.72
5852.12
5885.99
5839.25
5882.17
5926.05
6044.82
5964.38
5856.42
5732.11
5713.2
5775.6
5782.29
5879.52
5881.86
5931.01
6102.91
6217.19
6332.44
6549.55
6650.64
6898.5
6876.66
7298.11
7089.45
6795.73
6746.06
6748.68
6727.32
7086.91
7239.89
7159.29
7105.21
6980.47
7049.38
7133.2
6975
6975.8
6780.01
6769.52
7019.46
7378.96
7474.41
7219.39
7178.62
7476.67
7761.21
7599.58
7425.65
7168.51
7156.67
7367.31
7211.96
7353.6
7714.03
7597.4
7383.69
6991.83
7047.63
6932.1
7035.18
7170.5
7329.01
7019.79
6796.74
6735.38
6583.13
6597.13
6437.52
6545.39
6481.28
6591.13
6617.28
6550.84
6715.09
6521.09
6433.98
6502.49
6527.48
6131.24
6167.57
6361.65
6696.66
6601.65
6440.5
6595.7
6641.35
6562.05
6715.77
6699.52
6492.12
6594.73
6693.88
6652.67
6726.77
6745.3
6976.43
7052.47
7184.8
7207.47
7135.28
6762.6
6725.07
6435.55
6481.63
6401.58
6328.78
6362.88
6394.95
6550.28
6394.38
6594.69
6619.56
6781.13
6722.98
6790.15
6790
6606.98
6659.85
6574.98
6524.95
6525.61
6626.26
6516.92
6448.04
6299.29
6247.02
6351.74
6444.13
6491.82
6526.57
6352.5
6374.14
6356.97
6378.33
6314.4
6220.74
6236.39
6120.67
6141.08
6104.75
6128.28
6155.97
6056.19
6114.82
6195.42
6164.5
6026.52
6008.66
5919.04
5936.41
5921.75
5924.67
5902.55
5999.94
5974.14
5982.02
5968.48
5979.61
5905.33
5835.36
5855.3
5907.44
5933.13
5896.29
5921.37
5905.76
5923.68
5837.58
5843.39
5881.04
6081.83
6038.97
5907.88
5903.9
5906.44
5808.23
5767.49
5724.61
5693.06
5693.04
5762.54
5782.82
5867.04
5878.22
5844.86
5878.67
5945.17
6049.88
5989.43
5931.92
6032.09
6180.62
6195.96
6380.28
6325.86
6296.55
6459.2
6432.16
6248.16
6351.74
6469.62
6394.38
6578.44
6463.5
6353.7
6354.38
6296.11
6397.32
6397.4
6442.19
6451.3
6560.71
6459.56
6592.56
6623.54
6558.9
6538.09
6690.85
6761.67
6772.09
6860.68
6867.85
6850.58
6714.65
6894.78
6822.27
6805.43
6849.57
6810.14
6949.34
6940.36
7105.13
7070.01
7041.7
6871.69
6854.57
6852.02
6872.08
6853.9
6853.6
6838.62
6733.58
6812.79
6678.95
6650.22
6674.6
6712.94
6885.36
6894.35
6772.41
6797.47
6460.13
6382.35
6303.48
6325.33
6400.59
6539.07
6561.51
6520.52
6507.85
6560.63
6469.11
6489.5
6492.98
6395.03
6345.34
6524.8
6693.98
6779.27
6755.47
6467.73
6323.54
6216.12
6254.86
6234.25
6421.32
6111.44
6042.53
5939.47
5958.84
5947.17
5980.89
5998.79
5958.23
5962.87
5898.73
5862.7
5875.06
5818.01
5905.71
5962.43
5950.01
5882.57
5929.64
5948.8
6023.16
5930.67
5876.09
5939.62
5926.77
5724.97
5694.02
5716.6
5650.76
5634.96
5682.37
5567.66
5591.23
5656.51
5624.89
5656.95
5603.66
5645.4
5622.03
5775.16
5757.74
5876.76
5770.11
5782.17
5784.74
5800.36
5694.28
5773.29
5828.48
5865.47
5792.55
5834.45
5796.58
5650.15
5601.52
5592.02
5661.43
5686.26
5805.74
5776.08
5792.67
5763.12
5802.98
5716.02
5744.08
5674.72
5644.98
5710.33
5668.9
5795.97
5795.91
5794.3
5809.02
5762.95
5809.88
5835.89
5917.56
5752.04
5718.82
5695.89
5661.05
5612.05
5643.88
5641.81
5634.29
5557.19
5571.05
5555.66
5537.43
5534.73
5510.55
5514.86
5526.19
5466.56
5453.41
5458.96
5452.97
5458.2
5426.02
5403.05
5395.7
5410.33
5415.53
5392.15
5459.24
5440.36
5284.93
5304.47
5288.5
5315.4
5323.5
5293.94
5290.26
5271.66
5276.74
5303.11
5301.24
5269.08
5287.17
5253.9
5273.03
5289.37
5260.69
5219.69
5219.07
5209.99
5242.49
5298.4
5284.48
5450.04
5395.98
5464.89
5505.45
5436.82
5452.7
5398.18
5381.81
5425.37
5466.72
5463.8
5368.33
5412.73
5536.94
5429
5383.98
5549.12
5459.81
5414.53
5449.07
5442.75
5311.36
5317.55
5295.8
5221.15
5240.41
5253.63
5267.42
5189.58
5225.47
5264.29
5329.49
5255.81
5304.27
5308.71
5372.82
5389.37
5447.85
5423.74
5308.5
5389.3
5425.2
5500.01
5491.56
5479.09
5338.71
5313.22
5394.4
5412.35
5444.13
5560.58
5556.2
5513.46
5495.36
5326.78
5248.43
5243.85
5284.53
5217.68
5228.01
5228.52
5214.72
5128.84
5153.27
5118.5
5089.78
5110.72
5088.46
5102.8
5069.29
5044
5049.17
5028.86
5017.21
5022.26
4998.47
5101.13
5124.07
5067.12
4993.02
5079.87
5056.78
5110.17
5150.58
5135.65
5222.06
5285.89
5191.33
5200.22
5269.44
5302.19
5311.75
5300.54
5230.22
5233.62
5266.45
5457.81
5535.81
5617.52
5546.97
5417.32
5381.82
5417.28
5375.66
5415.45
5482.92
5321.28
5422.86
5308.26
5281.63
5290.4
5247.4
5260.01
5236.73
5277.8
5245.57
5174.93
5178.38
5160.75
5165.47
5109.78
5131.98
5128.84
5129.24
5096.53
5080.01
5005.71
5001.49
5004.86
5037.45
5030.83
4990.42
4974.92
4972.18
4946.73
4928.49
4956.5
4924.31
4977.63
5039.98
5064.2
4995.31
4970.91
4978.97
5106.34
5118.7
5089.39
5157.54
5057.62
5095.42
5086.27
5056.92
5003.65
5012.74
4917.63
4896.85
4899.18
4890.54
4843.55
4849.71
4819.56
4774.35
4788.99
4823.08
4795.57
4788.32
4795.45
4801.44
4844.52
4777.78
4801.74
4828.38
4784.81
4793.42
4825.71
4823.42
4716.02
4708.28
4702.88
4660.44
4643.62
4651.34
4615.93
4623.03
4596.9
4640.08
4606.56
4613.32
4632.27
4588.43
4603.4
4562.14
4585.69
4572.12
4609.85
4578.75
4598.86
4611.06
4583.83
4611.08
4631.61
4581.75
4580.49
4540.35
4587.7
4590.49
4594.98
4577.42
4552.33
4567.35
4537.49
4523.12
4531.59
4545.56
4639.15
4673.21
4733.5
4690.6
4676.9
4720.43
4742.05
4772.94
4783.06
4690.06
4748.36
4694.6
4606.32
4578.53
4546.21
4543.31
4486.46
4501.59
4489.91
4560.95
4539.35
4547.15
4485.22
4485.65
4515.08
4494.8
4483.57
4472.65
4402.08
4427.89
4422.46
4423.95
4424.14
4426.74
4474.81
4602.43
4623.15
4586.4
4627.4
4603.06
4623.36
4700.17
4702.51
4702.49
4625.87
4583.32
4592.34
4524.89
4498.71
4494.28
4463.67
4463.93
4466.05
4461.25
4460.14
4445.76
4409.43
4409.21
4422.2
4440.83
4420.61
4554.43
4431.65
4432.18
4420.1
4489.31
4493.02
4493.39
4532.77
4600.69
4623.41
4554.92
4518.25
4514.43
4496.05
4485.02
4548.22
4483.1
4434.58
4429.53
4374.88
4389.91
4355.71
4354.22
4327.88
4296.11
4355.21
4366.61
4359.6
4400.63
4451.36
4430
4486.69
4417.44
4394.18
4333.27
4365.43
4346.45
4404.29
4378.68
4319.51
4333.46
4333.18
4361.4
4370.53
4400.18
4386.39
4324.48
4351.8
4320.64
4314.19
4316.05
4379.53
4366.4
4370.35
4378.6
4346.59
4345.89
4324.62
4274.75
4269.7
4267.21
4269.33
4269.45
4265.5
4274.41
4278.54
4240.08
4204.75
4190.73
4179.9
4211.07
4217.22
4219.06
4246.55
4228.43
4223.42
4177.55
4193.21
4218.27
4215.39
4257.08
4282.09
4289.15
4288.58
4248.16
4256.56
4207.46
4232.1
4283.23
4344.91
4319.35
4390.14
4381.12
4341.1
4384.84
4316.43
4377.22
4368.35
4405.79
4332.52
4327.19
4290.67
4350.72
4355.39
4329.3
4358.2
4432.06
4493.16
4496.19
4493.62
4525.53
4581.13
4590.31
4528.07
4563.39
4514.47
4511.51
4547.84
4487.92
4462.11
4473.08
4413.5
4450.29
4354.05
4309.92
4314.07
4354.58
4343.29
4339.99
4332.81
4280.27
4202.58
4205.13
4214.98
4243.48
4245.12
4253.47
4256.98
4261.35
4274.48
4253.62
4209.02
4206.58
4226.81
4293.69
4242.68
4297.21
4274.02
4317.28
4264.46
4305.27
4424.72
4386.31
4378.82
4457.72
4499.34
4515.32
4590.92
4580.4
4576.3
4741.64
4770.96
4625.57
4680.07
4577.48
4551.35
4497.23
4517.8
4564.78
4507.98
4528.35
4508.14
4393.16
4436.92
4506.11
4420.99
4405.91
4458.65
4415.4
4401.12
4482.31
4468.32
4463.64
4427.4
4376.24
4372.43
4401.68
4271.11
4247.68
4228.55
4228.63
4203.93
4196.14
4219.44
4212.32
4200.11
4273.12
4157.77
4194.98
4305.02
4321.08
4309.87
4435.08
4557.08
4454.56
4451.62
4303.14
4320.16
4301.33
4250.09
4260.45
4259.59
4325.38
4310.89
4320.5
4480.45
4502.99
4474.69
4314.56
4441.39
4381.05
4310.45
4371.2
4275.4
4214.6
4189.93
4158.65
4126.82
4059.99
3986.77
3949.31
3997.52
4013.64
3998.24
4022.39
3999.99
3947.66
3946.07
3953.63
3966.13
4024.89
3982.33
3992.89
3941.42
3906.82
3922.93
3917.03
3885.84
3860.83
3858.09
3825.9
3795.96
3801.63
3766.01
3740.63
3748.84
3792.64
3755.92
3719.45
3720.03
3727.49
3771.89
3684.85
3693.12
3677.99
3627.07
3660.89
3664.49
3662.25
3607.01
3633.1
3601.34
3646.97
3661.05
3651.8
3603.31
3632.69
3615.48
3615.08
3562.92
3587.55
3549.98
3517.13
3505.97
3546.46
3528.6
3576.65
3650.66
3606.87
3605.54
3600.56
3626.26
3610.46
3554.49
3607.27
3702.69
3704.22
3704.2
3686.37
3773.99
3761.75
3763.64
3664.9
3689.98
3742.19
3762.77
3711.05
3741.04
3724.02
3639.63
3626.74
3621.54
3630.91
3654.2
3690.25
3625.4
3657.02
3737.05
3732.5
3746.19
3723.08
3751.54
3800.41
3845.44
3858.17
3780.35
3753.05
3804.93
3875.09
3856.99
3885.23
3860.61
3854.58
3698
3667.21
3682.36
3682.36
3671.65
3826.12
3875.27
3793.78
3829.58
3853.3
3938.89
4021.96
3981.25
3870.5
3747.35
3681.79
3664.56
3647.58
3594.66
3600.56
3584.5
3622.01
3634.26
3635.16
3669.76
3758.21
3714.29
3691.86
3683.29
3665.88
3630.42
3646.45
3588.54
3596.58
3626.61
3589.45
3657.44
3780.02
3745.54
3772.25
3764.68
3767.35
3837.94
3923.34
4047.56
4264.15
4063.45
4123.1
3979.95
3972.86
3993.22
4091.98
4078.93
3988.06
4097.58
4074.6
4028.85
3983.78
4043.23
4084.86
4100.5
4059.16
4003.19
3998.22
4119.12
4083.21
4222.49
4217.03
4300.02
4166.36
4264.88
4278.27
4178.24
4220.81
4194.45
4055.48
4017.68
4009.76
4011.5
3979.92
3983.43
4015.34
4052.33
3992.3
3960.06
3951.3
3970.96
3950.78
3853.08
3769.5
3781.71
3818.87
3773.56
3782.01
3776.6
3758.5
3749.51
3753.3
3744.17
3721.63
3775
3767.18
3741.82
3807.67
3838.03
3836.1
3733.7
3755.31
3736.66
3732.8
3740.44
3779.11
3720.92
3681.58
3691.67
3673.06
3701.1
3712.74
3846.83
3861.27
3826.98
3898.4
3922.29
3930.89
4011.07
4090.96
3957.61
3951.11
3878.4
3931.99
3989.31
3987.61
3897.77
3900.32
3933.26
3863.39
3893.98
3918.16
4041.2
4024.21
4073.13
4143.95
4212.67
4220.75
4168.85
4157.4
4223.64
4323.46
4348.25
4281.36
4421.91
4327.75
4211.11
4240.73
4196.77
4181.99
4269.93
4175.74
4208.54
4304.81
4385.26
4372.05
4410.96
4555.06
4634.58
4545.5
4722.57
4588.91
4459.28
4479.04
4357.57
4361.35
4397.57
4301.05
4369.18
4470.7
4379.98
4301.14
4276.55
4202.96
4166.77
4179.48
4145.45
4167.42
4193.67
4173.8
4236.55
4089.56
4065.15
4097.64
4104.46
4129.77
4107.05
4121.52
4118.1
4129.89
4205.39
4179.35
4124.69
4177.67
4249.39
4236.15
4338.92
4310.28
4366.17
4304.63
4286.22
4259.94
4119.25
4089.78
4098.4
4085.11
4019.74
3981.51
3969.8
3983.02
4012.54
4007.72
3995.89
4002.18
4126.58
4120.31
4199.56
4249.52
4247.11
4252.08
4224.3
4191.13
4222.35
4252.6
4221.83
4229.02
4247.98
4221.37
4274.4
4211.43
4252.69
4140.67
4069.76
4056.89
4047.19
4031.74
4066.26
4098.97
4105.5
4154.54
4148.22
4094.52
4122.61
4164.47
4272.94
4357.17
4443.1
4390.39
4407.35
4360.55
4216.81
4181.66
4166.1
4082.7
4434.4
4559.72
4456.11
4337.26
4287.29
4259.78
4290.29
4364.13
4443.95
4413.7
4321.66
4249.32
4178.35
4188.65
4135.69
4141.76
4154.73
4180.09
4128.86
4126.62
4121.32
4119.65
4111.68
4083.18
4128.52
4094.1
4125.92
4209.71
4203.7
4172.87
4113.9
4100.86
4037.16
4051.35
4010.22
4015.5
4012.95
4052.97
4100.78
4080.37
4117.19
4127.76
4081.15
4060.8
4088.91
4057.79
4073.49
4029.58
4039.62
4047.06
3963.48
3965.88
3975.45
3947.52
3957.79
3996.64
4049.13
4100.21
4113.76
4101.36
4154.39
4107.31
4111.99
4087.87
3992.49
4017.75
4092.24
4099.08
4071.02
4070.29
4055.69
4060.47
4018.4
4022.58
4028.73
4056.65
4008.79
4028.6
4045.39
4089.66
4020.62
4042.22
3990.71
3978.89
3951.86
3950.46
3929.38
3937.48
3945.59
3940.13
3947.61
3978.09
4019.8
4076.86
4085.9
4111.86
4035.38
4016.31
3972.57
3985.08
4006.66
3993.45
3980.33
4010.73
3990.19
4017.59
4001.16
3986.08
4001.95
3990.69
3980.39
4021.35
3992.44
3975.01
4001.79
4022.62
3972.15
3909.59
3857.2
3803.65
3789.53
3787.4
3742.8
3771.62
3726.87
3715.89
3717.21
3692.52
3702.18
3703.5
3698.36
3692.86
3692.56
3700.31
3679
3658.46
3651.35
3648.51
3649.58
3644.32
3657.45
3660.41
3658.41
3681.81
3639.56
3671.94
3682.43
3672.3
3676.3
3666.03
3695.1
3685.43
3635.23
3642.82
3660.07
3704.81
3741.1
3708.31
3714.27
3691.92
3730.91
3733.82
3731.04
3685.15
3692.89
3653.79
3649.66
3633.23
3646.99
3649.36
3645.15
3615.42
3615.4
3621.06
3653.42
3647.39
3635.94
3558.54
3564.22
3544.46
3560.8
3563.18
3558.36
3537
3530.3
3530.85
3547.37
3536.97
3505.1
3496.41
3507.24
3515.18
3524.24
3491.72
3499.76
3506.63
3478.05
3467.73
3461.35
3442.03
3469.3
3460.51
3469.45
3452.39
3446.14
3461.04
3471.3
3472.75
3492.94
3531.5
3519.81
3500.14
3499.81
3360.08
3354.57
3358.66
3373.05
3376.47
3376.23
3358.49
3350.86
3311.88
3283.58
3298.32
3291.93
3294.86
3314.84
3301.98
3297.79
3297.7
3349.29
3370.33
3346.79
3356.33
3338.89
3346.62
3348.47
3353.55
3353.37
3369.9
3376.09
3364.2
3340.73
3351.92
3375.59
3380.58
3366.17
3345.13
3384.18
3370.81
3380.89
3401.48
3383.63
3349.3
3366.92
3372.8
3371.38
3382.75
3365.24
3387.3
3389.72
3451.35
3480.55
3429.81
3441.85
3442.81
3458.91
3457.05
3442.6
3455.96
3405.25
3392.96
3394.69
3403.67
3440.05
3418.61
3419.3
3465.9
3464.18
3443.66
3426.08
3424.08
3448.9
3466.92
3438.66
3456.44
3449.31
3408.39
3409.71
3400.07
3445.62
3480.22
3507.71
3461.81
3450.44
3427.77
3449.92
3465.72
3488.1
3455.35
3472.23
3465.99
3472.12
3489.56
3522.94
3506.75
3488.37
3465.44
3479.18
3488.35
3475.07
3460.96
3460.85
3412.92
3395.88
3385.57
3382.28
3392.68
3381.64
3377.3
3382.6
3369.05
3367.23
3370.42
3371.7
3353.7
3345.63
3316.25
3308.79
3305.92
3315.76
3298.5
3307.75
3300.92
3311.55
3303.56
3305.18
3306.01
3304.2
3302.75
3291.8
3307.7
3304.86
3301.16
3299.42
3316.91
3274.59
3260.98
3251.86
3241.33
3220.57
3227.99
3226.9
3233.32
3253.96
3257.2
3295.03
3312.05
3329.55
3346.37
3356.32
3338.18
3354.34
3340.91
3324.03
3339.43
3330.52
3321.9
3337.63
3319.32
3313.29
3331.66
3371.15
3324.44
3329.62
3337.94
3327.03
3309.9
3318.2
3301.32
3318.3
3341.87
3337.74
3291.67
3316.4
3343.7
3326.56
3342.68
3345.32
3369.61
3388.99
3402
3382.73
3325.79
3289.6
3281.33
3275.43
3287.14
3300.35
3284.33
3284.83
3275.47
3283.74
3276.27
3250.71
3236.04
3229.77
3255.26
3266.86
3251.25
3254.91
3287.26
3284.87
3313.86
3363.87
3406.13
3488.15
3426.83
3503.35
3556.49
3511.05
3539.45
3508.75
3488.05
3449.72
3468.61
3440.75
3445.6
3443.68
3434.09
3412.17
3417.16
3435.92
3475.61
3551.61
3518.7
3515.95
3495.45
3458.19
3450.75
3441.49
3473.65
3480.08
3456.24
3432.6
3474.9
3457.12
3468.22
3522.03
3574.67
3595.39
3553.38
3537.98
3505.77
3520.56
3527.4
3432.7
3454.49
3447.4
3423.16
3442.06
3417.56
3413.48
3420.13
3383.4
3370.69
3374.75
3367.31
3348.89
3350.89
3374.72
3355.08
3342.8
3325.7
3325.87
3309.3
3332.19
3311.84
3298.91
3304.67
3293.57
3293.52
3297.31
3296.87
3298.13
3299.38
3272.14
3288.84
3289.68
3276.08
3317.49
3336.19
3342.17
3373.02
3425.72
3412.59
3446.76
3399.23
3383.2
3395.58
3391.54
3392.48
3404.62
3371.85
3376.26
3372.31
3326.14
3346.89
3383.26
3413.77
3409.41
3445.09
3406.44
3477.82
3478.23
3448.8
3480.8
3449.6
3473.09
3437.85
3432.02
3402.87
3395.29
3383.25
3370.58
3419.94
3396.73
3387.72
3392.81
3384.44
3357.35
3370.21
3381.39
3386.96
3358.18
3372.42
3332.65
3315.54
3329.25
3316.67
3331.88
3369.79
3356.89
3355.76
3335.37
3345.53
3344.93
3409.79
3426.04
3426.19
3476.71
3457.49
3462.13
3440.59
3422.26
3413.63
3414.46
3406.2
3377.54
3385.7
3377.21
3401.69
3439.37
3437
3472.98
3518.11
3538.89
3541.58
3524.19
3521.57
3505.59
3498.04
3486.46
3484.65
3471.7
3461.17
3425.57
3397.61
3417.53
3408.09
3394.68
3378.14
3427.6
3412.27
3437.34
3420.53
3450.98
3481.13
3518.11
3505.19
3563.02
3625.87
3642.48
3624.01
3570.9
3586.44
3621.17
3621.95
3645.07
3701.14
3713.55
3673.04
3707.2
3683.23
3692.24
3633.04
3625.34
3613.71
3610.12
3621.2
3577.37
3586.72
3595.62
3634.78
3599.71
3621.34
3638.26
3649.08
3672.23
3723.57
3678.26
3709.94
3697.34
3655.23
3662.39
3660.14
3653.27
3654.37
3605.9
3634.68
3679.01
3800.76
3784.96
3836.09
3787.26
3721.91
3716.79
3740.07
3774.81
3803.7
3789.53
3853.17
3852.37
3886.53
3933.84
3867.9
3848.34
3858.72
3908.28
3792.85
3802.81
3776.02
3757.02
3750.21
3757.06
3774.97
3758.97
3747.64
3757.13
3676.77
3688.05
3702.44
3703.14
3686.17
3642.53
3672.16
3653.17
3643.44
3646.01
3632.43
3638.94
3581.55
3584.01
3653.08
3670.54
3635.16
3606.2
3592.98
3615
3548.36
3544.22
3550.01
3527.92
3523.27
3515.79
3505.36
3495.32
3502.19
3485.58
3470.87
3465.35
3454.74
3457.27
3473.63
3500.05
3477.57
3478
3457.39
3437.97
3392.57
3390.45
3369.29
3405.4
3410.34
3472.71
3477.96
3457.8
3455.1
3456.83
3424.03
3389.38
3378.96
3339.21
3332.93
3327.48
3336.31
3356.45
3349.07
3338.53
3326.31
3323.52
3311.01
3297.19
3276.72
3271.99
3273.05
3282.98
3274.92
3273.24
3261.31
3261.23
3284.99
3272.15
3308.84
3367.8
3351.77
3416.96
3406.33
3446.89
3401.55
3379.83
3327.06
3339.48
3393.68
3376.74
3376.44
3435.69
3411.34
3397.5
3412.74
3464.68
3443.22
3482.27
3461
3426.02
3419.29
3420.78
3379.74
3371.47
3356.8
3371
3367.06
3378.21
3373.93
3304.35
3302.53
3289.65
3290.67
3301.17
3311.79
3313.06
3313.52
3283.29
3260.44
3250.67
3220.33
3217.04
3231.63
3235.23
3248
3255.53
3259.89
3258.96
3254.42
3236.55
3254.64
3271.98
3274.38
3264.91
3224.63
3224.5
3245.17
3231.83
3232.35
3287.96
3284.06
3262
3368.37
3433.11
3452.99
3433.66
3365.72
3407.14
3414.18
3382.66
3451.54
3457.65
3408.78
3367.41
3386.26
3341.02
3361.81
3400.99
3385.81
3363.84
3368.82
3322.72
3307.59
3301.72
3312.97
3283.73
3251.4
3241.52
3241.4
3237.62
3221.03
3200.75
3190.48
3218.65
3215.99
3209.7
3187.2
3170.28
3200.53
3204.88
3222.04
3204.37
3191.84
3170.32
3215.7
3311.51
3307.46
3278.96
3255.3
3291.28
3263.03
3232.89
3162.5
3174.29
3136.35
3135.73
3144.89
3152.86
3134.36
3130.13
3128.23
3115.57
3112.62
3111.46
3114.45
3115.9
3129.47
3112.59
3076.68
3067.09
3056.8
3041.84
3047.51
3049.56
3036.78
3047.07
3055.78
3036.8
3041.99
3048.76
3059.12
3062.53
3056.07
3038.91
3040.56
3034.48
3041.23
3041.88
3104.78
3118.1
3075.67
3085.57
3048.08
3064.44
3064.68
3051.51
3035.77
3015.43
2981.47
3003.08
3008.02
3007.79
2977.62
2977.27
2978.97
2972.48
2998.77
3001.33
2962.61
2978.04
2994.23
2988.77
2978.1
2959.6
2964.47
2971.9
2975.58
2980.16
2975.97
2948.98
2955.86
2963.48
2978.51
3004.45
2970.34
3049.71
3015.31
3001.32
3037.84
3078.8
3061.3
3001.83
2965.1
2943.29
2948.64
2952.5
2926.99
2905.03
2910.74
2915.02
2905.42
2917.95
2896.08
2927.61
2944.83
3062.66
3125.93
3121.31
3227.44
3345.41
3335.73
3302.52
3254.83
3308.95
3438.22
3728.32
3790.01
3795.71
4266.32
4197.82
4417.64
4273.05
4517.23
4387.86
4218.91
4322.78
3923.4
3800.42
3735.65
3891.81
3838.74
3809.09
3954.68
3942.48
3979.76
3780.68
3697.14
3705.31
3651.25
3619.23
3755
3749.34
3647.98
3620.88
3767.82
3708.91
3685.83
3741.79
3644.19
3580.9
3502.61
3582.18
3582.07
3718.1
3639.54
3680.12
3632.34
3597.54
3627.35
3626.68
3719.18
3785.66
3771.19
3578.69
3590.01
3540.66
3585.57
3584.86
3503.25
3470.29
3410.18
3361.58
3409.57
3378.28
3289.16
3173.93
3181.52
3061.82
3077.83
3119.41
3144.68
3286.98
3277.29
3295.01
3183.29
3159.03
3175.72
3156.86
3183.04
3126.84
3224.1
3201.01
3215.57
3187.32
3185.2
3190.64
3099.97
3123.88
3070.82
3096.82
3129.79
3153.43
3119.44
3068.25
3094.36
3041.33
3052.81
3052.49
3031.59
3016.28
3046.82
3045.84
3100.71
3107.96
3107.19
3110.29
3196.86
3230.52
3154.95
3149.01
3135.28
3162.03
3149.97
3142.84
3072.93
3044.19
3062.5
3097.03
3095.99
3111.07
3084.51
3124.99
3138.47
3068.87
3070.64
3045.6
3068.84
3083.02
3122.75
3117.82
3060.47
3091.14
3131.86
3080.2
3123.51
3068.48
3079.52
3076.6
3075.4
3060.96
3054.82
3075.1
3105.49
3221.28
3217.94
3201.59
3222.1
3245.03
3155.64
3164.25
3184.52
3183.94
3186.99
3157.44
3144.52
3144.3
3122.49
3105.74
3081.73
3099.32
3104.81
3181.16
3128.47
3131.04
3145.08
3190.94
3200.16
3172.36
3264.91
3301.24
3416.24
3420.18
3422.18
3350.92
3262.95
3197.2
3141.99
3153.14
2952.23
2922.07
2901.03
2933.66
2930.26
2900.85
2898.86
2887.33
2912.28
2899
2902.55
2864.8
2861.51
2862.21
2848.39
2876.59
2849.57
2852.65
2855.98
2837.89
2845
2848.31
2845.68
2851
2880.43
2865.19
2850.76
2833.27
2818.89
2830.78
2908.01
2866.76
2832.44
2829.14
2803.14
2798.38
2805.94
2820.74
2811.07
2824.02
2773.6
2764.8
2747.44
2765.6
2772
2768.55
2749.43
2780.92
2778.25
2783.75
2761.5
2765.75
2777.85
2815.59
2784.05
2827.71
2811.1
2870.76
2829.75
2781.89
2766.86
2741.96
2731.6
2724.07
2727.24
2736.66
2719.09
2701.28
2672.82
2678.32
2697.32
2710.95
2686.99
2696.59
2704.34
2691.87
2706.83
2742.62
2689.43
2688.55
2684.8
2690.45
2716.01
2646.4
2630.28
2606.67
2589.04
2597.23
2599.37
2584.96
2585.7
2573.66
2593.89
2595.8
2600.34
2596.5
2596.41
2573.22
2562.21
2533.54
2537.97
2520.57
2504.55
2513.08
2499.63
2498.92
2509.32
2506.02
2500.07
2489.21
2464.47
2472.23
2521.02
2497.94
2473.75
2474.57
2469.72
2475.12
2473.12
2484.21
2497.91
2481.65
2528.38
2478.06
2480.06
2458.4
2464.81
2512.08
2511.13
2507.86
2466.55
2472.83
2473.68
2515.97
2475.52
2459.43
2453.21
2452.85
2455.43
2450.76
2431.66
2450.01
2430.35
2420.28
2425.69
2419.59
2414.47
2415.36
2414.79
2415.17
2397.03
2393.34
2386.98
2382.16
2378.43
2421.12
2403.72
2397.33
2424.69
2396.96
2397.91
2415.58
2405.11
2430.34
2421.54
2418.24
2416.2
2436.64
2421.02
2472.51
2425.09
2409.79
2409.02
2406.04
2431.27
2443.55
2508.25
2490.42
2446.06
2426.32
2396.33
2399.9
2421.91
2399.07
2390.96
2406.84
2390.53
2389.68
2373.97
2364.63
2356.91
2355.22
2349.13
