0.011149
0.005488
-0.011316
0.00694
0.011305
0.009961
0.00428
-0.00305
0.000119
-0.018075
-0.00996
0.003454
0.007522
-0.000655
-0.008026
0.002757
0.005099
0.007962
0.011119
0.007114
-0.007966
0.003985
0.002412
-0.006422
-0.006017
0.003603
-0.001032
0.001934
0.002004
0.011017
0.006986
-0.000184
0.006802
0.006051
-0.003814
0.011718
-0.001426
-0.002131
-0.000616
-0.0113
-0.00189
4.3e-05
0.008132
-0.009825
-0.006758
0.004065
0.000236
0.001397
0.002598
0.004299
-0.002588
0.003422
0.002862
-0.000597
-0.001337
-0.006899
-0.014341
-0.018503
0.005788
-0.014472
-0.006455
0.00756
-0.012402
0.011364
0.001415
0.009023
0.006448
-0.000613
0.003373
6.3e-05
-0.002812
-0.0017
0.005813
-0.002736
-0.003605
-0.009553
-0.013472
-0.011162
-0.026644
0.032158
-0.009176
-0.002411
0.021614
0.014954
0.000119
0.010693
0.011169
0.010602
0.007422
-0.006633
0.009944
0.013613
-0.002147
0.011662
-0.002692
0.003345
-0.005485
0.010369
0.00671
0.011858
-0.00289
0.007209
0.007077
0.004325
-0.002425
-0.004032
0.011001
0.004238
0.00067
0.00241
-0.012386
0.000773
0.005143
-0.003606
0.002488
-0.00324
-0.004497
0.008616
0.003309
-0.002189
-0.000415
0.006184
-0.001693
0.000757
0.00216
-0.006581
0.016607
0.006073
0.000226
0.009473
-0.002093
0.001922
0.002191
0.005507
-0.000786
-0.007059
0.007172
0.000543
0.001646
0.00234
0.002651
0.001999
0.002556
0.005109
0.000298
-0.005667
0.005327
0.001529
-0.001901
-0.000148
0.005166
-0.00336
0.000554
-0.005746
0.000995
0.004967
0.003185
0.001177
0.001854
-0.004752
-0.005533
0.001385
-0.006899
0.001186
-0.006881
-0.011196
-0.002887
0.009726
0.000374
0.002054
0.006319
0.001038
0.002851
0.002676
0.003669
-0.004524
0.004216
-0.004074
-0.002089
0.00717
-0.001408
0.004847
0.00055
0.002769
0.00419
-0.001375
-3.6e-05
0.004244
-0.000252
0.007773
0.007504
0.006397
0.003535
-0.001051
-0.002613
0.006812
0.004552
0.001182
-0.003041
-0.00049
0.004826
0.001039
0.003616
0.002651
0.00071
-0.001018
-0.000554
0.002277
0.00282
0.002719
-0.001747
-0.006773
-0.000199
0.008861
0.004861
0.002595
-7.9e-05
-0.003564
0.002882
-0.002226
0.000795
-0.004556
0.00283
0.000155
-0.000568
-0.001049
-0.001282
0.002283
0.004651
0.006289
-0.001117
0.000168
-0.002124
0.000788
-0.002235
-0.006504
0.001339
0.005286
-0.002759
0.000847
-0.004323
0.001296
0.001181
-0.001057
0.003339
-0.000769
-0.002222
-0.009037
-0.004847
0.004123
-0.006953
0.008608
0.006724
0.004078
-0.006852
0.004328
-0.001917
-0.001961
-0.001711
-0.006277
-0.000708
-0.003144
-0.005761
-0.001794
-0.006751
0.000124
0.005203
-0.000488
0.004012
0.002023
0.008796
-0.001144
-0.000813
0.003154
0.005986
0.006968
-0.002332
0.001307
0.006667
0.002164
0.002953
0.003588
0.004587
0.001712
-0.000622
-0.000756
-0.001475
0.003721
0.003625
0.002103
-0.004479
0.007502
0.00187
0.004937
0.002202
-0.000372
0.005093
-0.002277
-0.003209
0.005856
0.002963
-0.000705
3.9e-05
-0.001443
0.000852
-0.004219
0.005965
0.001018
-0.004528
0.004602
-0.005419
-0.008605
-0.002051
-0.006123
0.007546
0.001177
0.007268
0.000315
-0.002068
-0.001281
-0.005801
0.000762
0.001015
0.000635
0.001527
0.009871
0.002019
0.000883
0.000801
-0.005647
0.000579
0.003897
0.010069
0.006355
0.000347
-0.008647
0.002911
-0.002318
-0.00453
-0.008005
0.003491
0.005827
0.002281
-0.003766
0.000887
-0.004624
-0.007969
-0.007062
0.001099
0.009566
-0.013021
-0.029088
0.042711
-0.001809
0.01351
0.005873
-0.000377
0.002588
0.006555
-0.003577
-0.000475
0.000776
-0.00124
0.000289
0.001862
0.00341
0.005954
-0.001342
-0.002994
-0.001556
-0.006203
0.002137
0.004767
0.001693
0.001757
0.005935
0.005475
0.001167
0.002214
0.000183
0.003938
0.00361
-0.000397
-0.000737
0.002215
0.00352
-0.001017
7.3e-05
-0.00167
0.003192
0.005066
0.000875
0.000359
-0.000489
0.000415
-0.006023
0.000786
0.00467
-0.000587
-0.000825
-0.000779
0.002446
0.003903
-0.00148
0.003842
0.003103
0.001366
-0.000808
0.000196
0.000306
0.001168
0.001084
0.001091
0.000617
0.00277
-0.003094
0.002353
0.002347
0.00328
-0.001849
0.000111
0.003289
0.000233
0.003619
0.004701
0.001722
0.000843
0.000271
0.002404
0.000947
-0.001138
-0.004782
0.000224
-0.001843
0.002515
0.002887
-0.000709
-0.001918
0.003441
0.005858
0.002905
0.000649
-0.003636
3.4e-05
-0.000459
0.002059
-0.001008
0.002873
0.001451
0.001223
0.004403
-0.00057
0.000617
-0.000552
-0.001809
-0.007844
-0.005055
0.007041
-0.003308
-0.002054
0.008763
0.004376
0.00549
0.002837
0.001057
-0.001879
-0.000221
0.003616
-0.002172
-0.001289
0.002094
-0.003608
-0.005028
0.004879
0.000289
0.000456
-0.001129
-0.001748
-0.001523
0.001508
-0.003345
-0.004969
-0.002422
-0.010424
0.004734
-0.004949
0.006556
0.003965
0.003736
-0.002208
0.005158
0.005666
0.005317
-0.000286
0.001417
0.002854
-0.004265
0.003732
0.001966
0.003164
0.002252
0.000547
0.007028
0.004014
0.004701
0.001786
-6.8e-05
0.001262
0.001835
-0.00075
-0.003292
0.003669
0.003738
0.004425
-0.003432
-0.002146
-6e-05
-0.000535
-0.000268
-0.004653
-0.002596
0.001128
0.001919
0.001168
-0.002124
-0.011838
0.002472
-0.00918
0.00648
-0.000472
-0.000117
0.005303
0.003042
-0.000814
0.000332
0.000696
-0.000649
-0.004595
0.001566
-0.002165
-0.005522
-0.001234
0.005739
0.003551
-0.001938
0.004662
0.001623
0.003081
0.00227
0.001525
0.002356
0.00086
0.004136
-0.002566
-0.002358
0.002872
0.006682
-0.003584
0.004614
0.000334
0.000179
0.001121
0.002563
0.000794
-0.000403
-0.000711
-0.001378
0.003157
0.004534
0.000513
-0.000126
0.003028
0.001979
0.000254
-0.003042
-0.001849
-0.006374
0.006749
0.001362
0.002991
-0.000755
-0.001756
0.002361
-0.001706
-4.6e-05
-0.003356
0.000537
0.001816
0.004981
-2e-05
0.000525
0.002317
-0.00019
-0.004043
0.002714
0.001362
0.000378
0.005201
0.004853
0.002429
4.1e-05
0.001028
-0.002787
-0.002912
-0.002366
-0.003251
-0.008671
-0.010252
0.0037
0.004169
0.001883
3.1e-05
-0.003642
-0.00655
-3.4e-05
0.002534
-0.002421
-0.002687
0.004079
0.003991
0.00494
0.000954
-0.000362
-0.001926
-8.6e-05
-0.000877
-0.002969
0.00613
0.004799
-0.00535
0.004729
0.003249
0.004288
0.001357
0.00043
0.002552
0.002782
-4.2e-05
0.004412
0.003051
0.001994
-0.000225
-0.000982
0.002437
0.001465
0.001316
0.003107
0.002579
0.001145
0.000486
0.000446
0.001341
-0.000475
-0.002651
-0.00317
0.003136
-0.008697
-0.010266
0.006859
-0.000942
-0.004035
0.001367
0.003226
0.001724
0.005081
0.006992
0.000657
0.002888
-0.002138
0.001903
-0.000958
-0.003187
-0.001825
0.00041
-0.001369
-0.001475
0.004272
0.003643
0.00065
-0.001327
-0.001084
-0.002316
0.000273
-0.000136
0.000927
0.001851
-0.002864
-0.007226
-0.002075
0.00209
-0.000288
0.001913
0.002502
9.9e-05
-0.000298
0.000648
0.005558
0.006078
0.004774
0.001465
0.002193
-0.001011
0.00403
-0.000512
-0.002125
0.005285
0.001281
0.000339
0.001686
-0.000217
-0.0007
0.002086
0.001474
0.003668
0.003122
0.002607
-0.000726
-0.001124
-0.000887
0.004325
0.003621
-0.002007
-0.006193
-0.000535
0.002635
-0.005481
-0.004829
-0.007468
0.006053
-0.002493
-0.005234
0.006472
-0.007661
-0.007009
-0.002197
0.002541
-0.002512
-0.010885
-0.010423
-0.003346
0.004559
-0.013057
0.005973
0.008667
0.006351
-0.004608
-0.003308
0.002089
-0.006302
-0.013039
-0.00606
-0.017621
0.009482
0.021287
0.00436
0.007972
-0.002012
-0.003649
0.008682
0.003743
-0.000122
-0.001092
0.003301
-0.001635
-0.000488
-0.000729
-0.012579
-0.005704
-0.0025
0.002651
-0.00021
-0.001922
0.002223
0.007706
0.006653
0.002153
0.001385
0.004133
0.000117
0.00327
-0.001885
0.000287
0.003373
0.003097
0.004741
0.001322
0.002238
-0.000197
-0.002216
-0.001107
-0.001401
0.001679
0.001329
0.004189
0.001384
8.6e-05
-0.000665
0.000396
0.005506
0.005018
0.003533
0.003529
0.00281
0.002709
0.002833
-0.003881
0.005297
0.005517
0.000255
0.000473
-0.002924
0.004805
-0.003906
0.002025
0.006628
-0.002447
-0.004492
-0.000702
-0.000698
0.002052
0.006093
-0.000863
-0.000494
0.004223
0.005946
-0.000353
-9.4e-05
-0.001728
0.002239
0.003167
0.001391
2.5e-05
0.001728
9.7e-05
-0.003258
0.005831
0.003855
-0.00314
0.002479
-0.001086
0.001038
0.00194
0.000812
-0.003417
-0.002718
-0.000899
0.002912
0.004798
0.000965
-0.001865
0.002504
-0.004093
0.00016
-0.006144
0.001653
0.001755
0.002133
-0.002417
-0.001821
-0.001065
-0.003222
0.000761
-0.007389
0.00938
-0.001361
0.00313
0.002879
0.00043
0.000562
0.001482
0.001223
3.3e-05
-0.00495
0.004089
0.003087
-0.001536
-0.006976
0.000177
0.00292
0.004178
0.002549
-0.002884
0.00107
0.006625
0.002185
0.000938
0.001896
0.000719
-0.002223
0.001854
0.00157
0.003124
0.00181
-0.002792
-0.003406
0.001001
0.002517
0.001888
-0.00169
-0.000225
-0.003751
-0.004497
-0.007042
0.004278
0.001741
0.0067
0.003861
-0.000196
0.00542
-0.002301
-0.000114
-0.001295
-0.004523
0.000111
-0.005383
-0.002731
-0.005669
-0.00412
-0.005344
0.002895
0.000993
-0.012624
-0.009933
0.003649
-0.002568
-0.013199
0.001722
0.009009
2.9e-05
-0.001016
-0.011241
-0.005675
0.006168
0.003352
0.004136
0.007773
0.002913
-0.003656
0.001778
0.003073
0.001081
-0.003878
-0.009067
0.005377
0.00803
0.009168
0.006122
0.002597
0.002228
0.000585
-0.003541
0.000891
0.003906
0.00108
-0.004388
5e-06
0.005689
0.003857
-0.001689
-0.001839
-0.000943
-0.002294
-0.00675
-0.000762
-0.001571
-0.010764
-0.005026
-0.016222
-0.001056
-0.015905
0.009123
0.001842
-0.011734
-0.008697
-0.013509
-0.007635
0.018082
-0.001335
0.004921
0.008927
0.007
0.003586
0.000973
0.003185
-0.013834
-2.9e-05
-0.001352
0.001203
-0.00744
-0.006692
0.001365
0.006926
0.011164
0.004802
0.003226
-0.004248
-0.002959
0.000557
-0.000349
0.002824
0.001692
-0.004193
0.000804
-0.00597
-0.004703
-0.009568
-0.001262
0.010321
0.002348
0.014296
0.003746
0.00163
-0.001624
-0.005306
-0.006399
0.006178
0.003078
-0.000892
-0.007427
-0.009735
0.000159
-0.001199
-0.018602
-0.001461
0.004955
-0.00375
-0.002038
-0.015345
0.000889
0.009973
0.009679
0.001227
-0.001707
-0.00286
-0.004282
-0.000962
0.00183
-0.00519
-0.012953
-0.005375
-0.012751
-0.006693
-0.017329
-0.001464
0.012647
-0.012418
-0.021184
-0.023378
0.017871
0.016726
0.007964
-0.003585
-0.005613
-0.007997
-0.003961
0.002857
0.021559
0.005571
0.010127
0.011955
-0.000734
-0.005071
-0.006904
-0.016985
0.0028
-0.00333
0.002617
0.003108
-0.01282
-0.010481
0.003394
-0.021792
0.002793
-0.005443
-0.008532
-0.011675
0.018309
0.005027
0.028788
-0.00181
-0.003797
0.011402
0.015887
-0.008024
-0.002716
0.004324
0.003029
0.006319
0.008564
0.008273
3.4e-05
-0.00033
0.008516
0.001219
-0.003655
0.004355
-0.000649
0.008258
0.006439
0.000558
-0.005678
0.004223
0.008603
-0.0069
-0.006453
-0.014235
-0.005157
0.007114
0.008134
-0.000625
-0.003195
0.00066
-0.004667
0.000585
0.001412
0.007702
0.011209
0.004151
0.001451
0.010304
-0.003226
-0.000952
-0.011827
-0.000796
-0.003677
-0.003619
0.005379
0.003888
-0.002683
-0.005665
-0.004771
-0.003265
-0.000285
0.000564
0.002059
0.013034
0.00723
0.007738
3.9e-05
0.008129
0.005264
0.007472
-0.002611
0.011321
0.006467
0.000512
0.002891
0.003597
0.001554
-0.007463
-0.000506
0.004157
0.005508
-0.000329
-0.001782
0.003529
0.007351
-0.001338
-0.002095
0.009012
-0.003784
0.002095
0.001169
0.007238
0.001183
-0.004544
0.000381
-0.005337
-0.00056
0.001345
0.000491
-0.010742
0.003992
0.010751
0.005604
0.001421
-0.001865
0.000919
0.001267
0.002824
0.004222
-0.005194
-0.000929
0.009558
0.010402
0.001843
-0.000463
-0.002266
0.002902
0.007644
-0.000849
0.00055
-0.00196
-0.000247
-0.005536
-0.010661
-0.000264
0.006613
0.001807
-0.006503
-0.012428
0.007245
-0.001235
0.007626
0.011005
0.007129
0.008808
0.001003
0.002056
0.00214
0.003538
0.0056
-0.001105
0.008815
0.0018
-0.001658
-0.001095
0.002797
0.003946
0.00157
0.002599
-0.010281
-0.002361
0.004286
-0.002487
-0.008055
0.004885
-0.003574
-0.002349
-0.004763
-0.00411
-0.004541
-0.011577
0.011256
-0.001327
-0.005072
-0.015245
0.012752
-0.004791
-0.014884
0.019956
0.008165
0.005551
0.00198
0.005303
0.006437
-0.002322
0.000851
0.000714
-0.00021
-0.000265
-0.003061
-0.00245
0.000514
-0.003822
-0.003725
0.000146
-0.004997
-0.002209
0.00298
0.005234
-0.000512
0.004006
0.003806
0.004776
-0.000771
0.000172
0.003645
0.000137
0.00827
0.001673
0.002164
0.001931
-0.003325
-0.000274
0.004034
0.003201
0.001597
0.002812
0.007254
0.004651
-0.001214
0.001653
-0.001778
0.001318
0.001029
-0.002412
-0.003997
-0.004331
0.001301
-0.002303
0.000871
0.001602
-0.005512
-0.00552
-0.001123
-0.00561
-0.004021
0.000384
0.002609
0.002182
0.006223
0.000428
0.005908
0.002028
-0.000582
-1e-05
0.001823
0.005131
0.010641
0.002226
0.00068
0.002697
-0.003575
-0.000503
0.00641
0.002744
0.006082
-0.008435
0.00034
0.000127
-0.000754
-0.004089
0.003371
-0.001922
0.002297
0.006116
0.002784
-0.006744
-0.004835
-0.006311
0.002698
-0.007845
-0.002409
0.002408
0.001715
-0.000391
-0.004377
-0.005413
0.00122
0.004359
0.000363
-0.001847
-0.008799
-0.012372
-0.003905
-0.005237
-0.002743
-0.003704
0.005319
0.006503
-0.001653
-0.005896
0.00427
0.009293
0.002434
-0.012469
0.015821
0.005714
0.002776
0.003033
0.004777
-0.000244
-0.004746
0.005185
0.006144
0.001792
0.00443
-0.001003
-0.001152
-0.003096
-0.00112
0.003451
0.001572
-0.004551
-0.00276
-0.001532
0.005476
0.00237
-0.001971
0.000856
0.006869
-0.000223
0.006136
-0.00363
-0.004662
-0.003314
0.006177
0.007095
-0.001187
0.000572
0.001072
0.001268
-0.002193
-0.006176
-0.001752
-0.000865
-0.00344
-0.012611
-0.003898
-0.005191
0.001244
0.001831
-0.001027
-0.00445
-0.006895
0.003416
-0.00317
-0.003639
0.000956
0.001795
-0.012321
-0.010339
-0.008849
0.012302
0.001652
-0.003577
0.003742
0.006151
0.004707
-0.00382
-0.006875
0.003912
-0.005026
-0.007877
-0.002788
-0.013132
-0.002182
0.017408
-0.001923
-0.000686
0.012777
0.001027
-0.002444
-0.018945
0.008879
0.005538
-0.006676
-0.000116
-0.007345
0.00102
-0.000813
0.006697
0.008311
-0.001089
0.006868
0.025614
0.001822
0.008984
0.004025
-0.006041
0.018126
0.007705
0.009251
0.000863
0.000377
0.001969
0.002709
-0.012766
-0.005347
0.012152
0.001471
0.003124
0.003219
0.002737
0.001557
0.003871
0.006415
0.001222
-0.002333
0.005497
0.000241
-0.005084
0.001681
-0.002675
-0.000687
-0.000574
-0.004834
-0.007104
-0.004455
0.005192
0.002442
-0.002118
0.002886
-0.00128
0.006599
0.003185
0.00806
0.013617
0.004168
-0.004882
0.00771
0.006142
0.001567
0.002629
-0.003986
-0.001263
-0.010013
-0.001241
0.005095
0.001272
-0.002565
-0.00314
-0.000979
-0.003991
-0.001908
0.003324
0.01187
0.010235
0.003255
0.001629
-0.000447
-0.000597
-0.005476
-0.002415
-0.00892
-0.011968
-0.001238
-0.012402
0.003791
-0.006876
0.001415
-0.004955
-0.005867
0.00287
0.004374
-0.001999
0.000519
0.01051
0.005446
-0.004453
0.006427
0.003386
-0.000238
-0.002429
1.7e-05
0.003526
-0.001225
-0.000558
0.001524
0.004733
0.007191
0.007358
0.004382
0.00041
-0.004849
-0.002239
0.003499
0.00399
0.00265
0.000655
0.000863
0.005975
0.003405
-0.002364
-0.000518
0.003553
0.001941
0.004855
0.003657
-0.000153
0.000576
-0.004186
-0.001018
0.001374
0.001867
0.004686
0.007755
0.001748
-0.003914
-0.007086
0.003136
-0.002422
-0.005365
0.001235
-0.00275
0.000798
0.001856
0.003652
0.004693
0.006655
0.00489
0.000674
0.005808
0.001368
0.00216
-0.001237
0.004191
0.002202
0.007596
0.004764
0.005575
-0.002066
-0.000818
-0.002798
0.002476
-0.002448
-0.00251
-0.00095
0.002398
-0.004344
-0.004114
0.003251
-0.005973
-0.011048
-0.001532
0.00114
-0.003712
-0.008959
0.000513
0.000727
0.000433
-0.014609
-0.012149
-0.004256
0.004388
-0.002889
-0.005195
0.00739
0.004898
0.005343
-0.001407
-0.00317
-0.000834
0.003286
0.004248
-0.000635
0.000346
0.000591
0.001111
0.00029
0.004561
-0.000492
0.000847
0.002693
0.004277
0.000348
0.00141
-0.000169
0.001187
-0.000746
-0.011491
-0.010093
-0.007337
-0.008347
-0.010985
-0.005935
0.004914
-0.003298
0.000137
0.002811
0.009857
0.003982
-0.010309
-0.000287
0.003423
0.003598
-0.002637
-0.006696
-0.004267
0.002682
0.002488
0.007228
0.006373
-0.002065
-0.001117
0.001766
0.007203
0.007101
0.004025
-0.0009
-0.006295
-0.00088
-0.007885
0.002541
0.008797
0.005193
0.000998
-0.000636
-0.000335
-0.009018
0.001208
0.004559
-0.006626
0.002288
0.000229
0.004981
0.004426
0.003485
0.007683
0.009072
-0.001632
0.00564
0.004417
0.004862
-0.00161
0.003849
0.000791
-0.001238
0.004445
0.008066
-0.002959
0.001234
-0.009091
-0.008766
0.004431
0.001944
0.000528
-0.002028
-0.007608
-0.002967
0.001863
-0.00482
-0.002859
-0.000171
0.001678
-0.006242
-0.0087
-0.007975
-0.008431
-0.0127
0.00395
-0.003182
-0.003611
-0.001592
-0.005836
-0.005905
-0.004714
0.01155
-0.00317
0.00235
0.000763
0.004066
0.003846
0.008855
0.006761
-0.005672
-0.014145
-0.007485
-0.015471
0.004176
-0.012684
-0.003197
0.009956
0.00618
-0.008278
-0.01503
-0.004296
-0.00358
-0.008868
-0.01888
-0.00779
0.005147
0.021175
0.018123
-0.004422
0.004683
0.005873
0.000858
8e-06
-0.005722
-0.007748
0.000837
0.006947
0.007446
0.006407
0.00545
0.000274
0.002892
0.006617
-0.009319
-0.006825
0.001842
0.00427
0.006751
0.000424
-0.005857
-0.008152
-0.005983
-0.009889
0.00775
0.016853
-0.007862
0.001432
0.005757
0.000928
-0.003273
0.002858
0.003199
0.004985
-5e-05
-0.001238
-0.007646
-0.006622
-0.007807
-0.003062
-0.006185
0.008265
-0.000376
0.001838
-0.002702
-0.00473
0.003837
0.005853
0.010634
0.012246
0.000166
0.006625
-0.001356
0.002343
0.00787
0.006751
-0.003585
0.006764
-0.001908
-0.002725
-0.008394
0.00136
0.003761
-0.000302
0.000523
0.004958
0.001586
0.006397
0.000946
-0.002573
-0.001877
-0.00463
-0.003473
-0.006789
-0.00014
-0.004939
-0.009648
-0.005987
-0.010022
-0.002909
0.003549
0.005858
-0.006092
-0.006054
-0.010776
0.00358
-0.002337
-0.011695
-0.000874
-0.000733
0.000776
0.003296
-0.0028
-0.009207
-0.005693
0.015975
0.008467
-0.008715
-0.00396
0.010656
0.007825
-0.006907
0.00385
0.004943
0.010311
0.005111
-0.007075
-0.001928
0.000431
-0.003056
-0.007483
0.000937
-0.001319
0.000511
-0.008163
-0.014012
0.001969
0.000978
0.001326
-0.009635
-0.009955
-0.006136
-0.009722
-0.012287
-0.007807
0.009381
0.012249
-0.005464
-0.003398
0.005859
0.008209
-0.01037
0.009793
-0.002285
-0.001962
-0.000358
-0.001118
0.012443
0.003717
0.00412
8.3e-05
0.01564
-0.004858
0.006908
0.002445
0.006301
-0.002116
-0.000536
-0.006183
-0.010181
0.002792
-0.000662
-0.003921
-0.005418
-0.010775
0.004424
0.002918
-0.001433
-0.00404
-0.000801
0.011546
0.020594
0.001387
-0.003152
0.000114
0.004825
-0.003199
-0.004592
-0.006796
-0.002682
-0.000382
0.000629
-0.003254
-0.006746
-0.007469
-0.0019
-0.009935
-0.002482
0.002035
-0.005077
-0.012934
-0.014404
-0.003135
-0.015899
-0.014394
0.019428
-0.003506
-0.00057
-0.024536
-0.009203
0.01147
0.005462
-0.004406
-0.010451
-0.009449
-0.016965
-0.013948
0.019508
0.001197
-0.01946
-0.025489
-0.017646
0.001118
-0.027526
-0.013
0.050522
0.025181
0.025953
0.01702
0.000443
0.008607
-0.014522
-0.015152
0.001521
-0.000242
-0.009932
-0.013537
-0.003105
0.002119
0.024083
-0.00219
0.006638
0.007015
-0.005315
-0.02494
-0.010494
0.000747
-0.007338
-0.007906
-0.002438
0.004672
-0.001814
-0.01543
-0.007674
0.025141
0.014816
0.007173
-0.001238
-0.000682
0.01085
0.014495
0.017533
0.00053
-0.009563
0.000406
0.012672
-0.002435
-0.001794
0.002029
0.003425
0.00081
4.2e-05
-0.012621
0.002924
-0.000277
-0.00095
0.003326
-0.013928
-0.004836
-0.005296
-0.008827
0.0057
0.002312
0.011635
0.010075
0.008751
0.020796
0.022421
0.002684
0.001855
-0.00193
0.009943
-0.003994
-0.006634
-0.000142
0.014482
0.008928
0.002866
-0.002948
-0.00599
0.002817
-0.005254
-0.008608
0.004918
0.00631
0.00426
-0.008301
-0.003181
0.014091
0.012925
0.001145
-0.001337
0.005176
-0.000849
0.001231
0.009943
0.015486
0.004674
0.000399
-0.01078
-0.010033
-0.01072
-0.001651
0.0017
0.00546
-0.004338
-0.013382
0.005908
0.000198
-0.003341
0.004933
-0.005297
-0.001941
0.004005
-0.000914
-0.00014
0.003434
0.008443
0.003005
-0.002053
0.001813
0.00536
0.00148
0.003096
-0.01017
-0.009216
-0.001157
0.001168
-0.006449
0.001435
0.010254
0.007377
0.006682
0.004002
0.010137
0.015086
0.003174
0.011853
0.004971
0.00646
0.005455
-0.00498
0.000985
0.004065
0.003956
-0.004998
-0.001472
0.00096
0.003512
0.002013
-0.003101
0.0012
0.000508
0.00583
0.00532
0.011008
0.002013
-0.001345
-0.010941
0.007107
0.006319
0.000375
-0.001909
-0.00185
0.008363
-0.001611
0.0025
0.002751
0.004149
0.003738
5.5e-05
0.004506
0.007553
0.004354
0.003436
-0.007305
0.003461
0.007229
0.006388
0.000313
0.001963
0.00063
0.004197
0.005411
0.00054
-0.000996
0.005637
0.005267
0.0024
-0.004732
-0.006549
-0.008409
-0.009716
0.00435
0.006608
0.001954
-0.001778
0.002716
-3e-06
-3.6e-05
0.010278
0.010676
0.004336
0.000983
-0.001401
0.001156
0.00187
0.011576
0.004929
-0.000778
0.000624
-0.00178
-0.003705
-0.003445
-0.006506
-0.000108
0.003516
0.000977
0.00226
0.000524
0.000695
0.001684
0.002232
0.007276
0.004473
0.001315
0.007498
0.000945
0.003777
0.001661
-0.000271
0.005108
-0.003974
-0.002374
0.002256
0.004774
-0.001069
0.00473
0.003588
-0.00132
-0.006545
-0.005683
0.005503
-2e-06
-0.0051
-0.002821
-0.004744
0.002623
0.002866
-0.002033
-0.004698
-0.014734
0.001417
0.002715
0.002445
-0.003215
-0.0084
-0.006306
0.001355
-0.001212
0.002332
0.005983
0.007615
0.000903
0.003006
-0.001812
-0.008092
-0.000161
0.003377
0.004385
-0.008401
0.001095
0.002051
-6.4e-05
-0.015018
-0.010979
-0.002776
0.008454
-0.002242
-0.001911
-0.002516
0.01099
0.009047
0.000802
7.3e-05
-9.3e-05
0.002849
0.002998
0.003403
0.001338
-0.013139
-0.00274
0.000397
-0.001771
-0.001657
0.004073
-0.000272
-0.00177
-0.0015
-0.002707
-0.008995
-0.007381
-0.010752
-0.004567
0.004601
-0.014767
-0.006357
0.002785
0.002671
-0.007357
0.000181
0.012075
0.014351
-0.003132
0.034633
0.006603
-0.013869
-0.004315
0.001936
0.01045
0.010438
0.000948
-0.001405
0.002464
-0.009488
-0.004925
0.000478
0.002212
0.014636
0.004506
0.002099
-0.00526
-0.003683
-0.003332
-0.007256
0.004442
-0.001247
0.00322
-0.00286
-0.003069
-0.008823
-0.000848
-0.002215
-0.005318
0.002624
0.000132
0.004762
0.005974
0.002895
-0.000905
0.00719
0.002044
-0.006455
-0.002046
0.004011
-0.00547
-0.008892
-0.003591
-0.004389
-0.003423
-0.013754
-0.000495
-0.000838
-0.004246
-0.003663
-0.010017
0.001837
0.003734
-0.014742
0.004048
0.018636
-0.000447
-0.002126
-0.000589
0.000812
-0.011079
-0.013792
-2.9e-05
-0.003121
0.010097
0.001858
-0.007578
-0.005513
-0.008179
-0.006969
0.002054
0.017993
0.016324
0.006239
0.016624
0.003263
0.012635
-0.005333
0.003911
0.000596
0.000401
0.007615
0.003164
-0.003214
0.00904
0.012351
0.005257
0.012918
0.002557
-0.005995
-0.004485
0.002254
0.009982
0.002378
-0.004069
0.002975
-0.004136
0.0042
0.009352
0.004271
-0.000263
-0.001311
0.003214
-0.000474
-0.005836
0.003939
0.003085
0.003382
-0.001583
-8.9e-05
-0.002031
-0.010339
0.002109
-0.002683
0.009637
0.006309
-0.001618
0.000907
0.006491
0.000197
0.002967
-0.002882
0.00205
0.007975
0.000394
-0.004335
-0.00442
0.004436
0.005632
-0.000502
-0.0027
-2.8e-05
0.000855
0.001661
0.006956
0.000487
0.003846
0.007562
-0.000128
0.005785
0.008005
0.000963
0.000775
-6.5e-05
-0.005142
-0.00953
0.002703
0.001209
-0.002178
0.003862
-0.003056
-0.008372
0.001424
0.008627
-0.002062
-0.001965
-0.001132
-0.006393
0.006664
0.00269
0.005939
0.008228
0.003983
0.002005
-0.001872
0.002888
0.003806
-0.002499
-0.000649
-0.00302
0.00241
-0.004972
-0.001624
-0.001294
-0.006358
-0.009556
-0.002074
0.001579
0.005871
-0.008761
-0.005629
-0.000944
0.003657
0.004369
-0.0043
-0.013142
0.00654
0.003518
0.005819
0.004682
-0.002044
0.002525
0.009759
0.009755
0.006781
0.001047
0.004671
0.002417
0.001807
-0.002684
-0.007563
0.001626
0.000634
-0.008085
-0.005454
-0.005094
-0.003349
-0.003904
0.001371
0.005204
0.007884
0.000543
-0.00061
-0.002053
0.004237
0.002285
-0.000948
-0.003806
-0.007268
-0.000989
-0.003108
-0.00189
0.002974
0.003283
0.005778
0.00869
-0.003223
-0.005212
-0.007316
-0.004099
-0.005691
0.004895
-0.008555
-0.000267
0.002925
-0.003092
0.008122
0.01183
-0.002763
-0.000534
-0.002381
0.000925
0.000431
0.009802
0.008219
0.008258
0.003515
0.001887
0.000897
0.00173
0.001915
0.008587
0.005387
-0.004221
-0.003423
-0.002748
0.003804
-0.000289
0.006245
-0.001336
-0.011061
-0.002233
-0.00374
0.001761
0.001481
0.004755
0.004102
-0.002378
-0.006202
-0.00234
-0.001141
-0.005677
-0.00946
0.003874
0.00029
-0.001132
-0.001702
-0.000399
0.000404
-0.001446
0.000949
-0.00417
0.00104
0.013841
0.006672
0.001876
-0.00342
0.001397
-0.001966
-0.011045
0.006939
0.002446
0.000914
-0.004512
-0.008287
-0.00625
-0.010606
0.00694
0.006495
-0.001142
0.011087
0.010252
0.004214
-0.000721
0.002493
-0.003343
-3.2e-05
0.009415
0.009956
0.00551
0.009383
-0.001996
-0.005279
0.001517
0.002701
0.001764
0.009419
-0.00402
0.00561
0.003134
0.000331
0.005712
0.00632
0.003185
-0.00371
-0.002102
0.000446
0.001485
0.006191
0.003444
-0.001605
0.00359
0.005022
0.002302
0.002341
-0.003728
-0.000852
-0.002511
0.000194
-0.011498
-0.004712
-0.003364
-0.007259
0.006542
0.004071
0.005486
0.010185
0.008897
0.004016
-0.00198
0.003887
-0.000208
-0.000821
-0.002391
0.00684
-0.008031
-0.007214
-0.002526
0.004521
0.001475
-0.000655
-0.004828
0.000242
-0.012683
-0.002339
-0.003539
-0.001212
0.001933
-0.010907
-0.003568
-3e-06
0.002161
-0.006591
-0.003805
0.013785
0.011907
0.006307
-0.0144
-0.005697
0.004819
0.003814
-0.006251
-0.002151
-0.010701
-0.008438
-0.011285
0.007211
-0.005756
0.011101
0.003587
0.012652
0.003203
-0.001851
-0.003855
0.000789
0.005538
0.004446
-0.007426
-0.005049
-0.012123
-0.002106
-0.013273
-0.015029
0.000319
0.00902
0.015666
0.000615
0.009924
-0.010651
-0.011918
-0.008584
-0.004321
-0.002308
0.007001
0.014645
0.012361
0.004323
-0.00106
-0.004373
-0.005748
-0.004431
0.005473
0.005677
-0.005408
-0.014126
-0.015008
0.004985
-0.015358
-0.001942
0.001491
0.013012
0.017035
0.007605
-0.003928
0.006578
-0.00728
-0.008053
-0.011926
-0.020953
0.006819
-0.001171
-0.008239
-0.016096
-0.010703
0.008337
0.005025
0.030336
0.007848
-0.003954
-0.014872
-0.00916
-0.00973
-0.009218
0.016216
-0.002902
0.014865
0.011417
-0.002822
0.015011
-0.006451
-0.011063
-0.012254
-0.014369
0.00392
0.004345
-0.011894
0.004823
-0.013871
0.010459
0.00315
0.010354
-0.004096
-0.013095
-0.010102
-0.000944
-0.004926
0.008613
0.01379
0.022279
-0.00293
-0.013465
0.015572
0.000374
0.005974
0.001911
0.00568
0.003479
0.005952
0.014077
0.001762
-0.002562
-0.002731
-0.00934
-0.012665
-0.000817
-0.001656
0.002898
-0.001616
-0.008938
0.000544
-0.007581
-0.009783
-0.009554
0.003262
-0.006414
-5.1e-05
-0.00664
-0.00712
-0.003467
0.01389
-0.002102
0.008262
0.006038
0.009665
-0.001408
0.003718
0.002906
0.001335
0.004972
-0.003708
-0.00846
-0.005946
-0.001512
0.003147
0.010664
-0.002715
-0.003618
0.020566
0.008383
0.004111
0.001594
0.00639
0.007244
0.00263
-0.00611
-0.001961
0.005563
-0.000134
-0.003396
0.013441
0.003532
-0.000783
-0.012066
0.017031
0.003201
-0.012347
0.001205
-0.002163
0.00033
0.002077
-0.009785
0.005573
0.004677
0.002266
0.008043
-0.001834
-0.015973
-0.00936
-0.005312
-0.00465
-0.014124
-0.005295
0.008198
0.011717
-0.014969
-0.007875
-0.000483
-0.018256
-0.000166
0.014599
-0.030489
-0.020176
0.011524
-0.002162
-0.028013
-0.008735
0.020329
-0.003289
-0.013798
-0.021108
-0.003307
-0.015352
0.024694
0.022344
0.01504
-0.019425
-0.025863
-0.012729
0.010055
-0.0058
0.021497
0.000801
-0.003018
-0.010902
-0.006753
0.031025
0.020962
-0.00171
6.5e-05
0.001621
0.021486
-0.008901
-0.0083
-0.019917
-0.02812
-0.01105
0.013951
-0.002472
0.008896
0.015429
0.01705
-0.017943
-0.001383
0.012138
0.005216
-0.002521
-0.002017
-0.005379
-0.000406
0.011166
-0.005029
-0.01294
-0.020081
-0.003096
0.003393
0.001004
-0.010007
-0.017986
0.003075
0.000561
-0.000305
0.015024
-0.001465
0.014626
0.014555
0.007269
-0.003413
0.01041
0.004412
-0.001912
-0.007114
0.000302
0.019017
0.006774
-0.010628
0.008926
0.011427
0.002862
0.005903
-0.000735
-0.003723
-0.012909
-0.008342
0.003654
-0.001961
-0.000749
0.004087
0.003166
-0.014061
-0.018395
-0.008739
-0.007547
0.000945
0.010585
6.9e-05
-0.013972
-0.010387
0.006435
-0.002256
-0.003029
-0.000641
0.017621
0.007296
0.004534
-0.010962
-0.003951
-0.01676
-0.01638
-0.008114
0.006888
-0.00158
0.003862
0.021601
-0.000948
-0.00868
-0.00052
0.003822
0.002913
0.01462
-0.015695
-0.008542
0.000617
-0.002378
-0.008099
-0.016788
-0.003769
0.000768
-0.009102
0.002376
0.016293
-0.002159
-0.016814
0.006407
-0.00171
0.021234
0.011975
0.001812
0.01849
0.006369
0.006304
-0.008822
-0.002348
0.002854
-0.011065
-0.013631
-0.006602
-0.00667
-0.006955
-0.008551
0.002882
0.014713
-0.015655
-0.014541
-0.003605
0.000361
-0.020147
-0.000491
-0.006833
-0.030751
0.004892
-0.018464
-0.001415
0.040837
0.007819
-0.011657
0.010968
0.000954
-0.002926
0.003393
0.01
0.003907
-0.011904
-0.01877
-0.017418
-0.005158
-0.014576
-0.006576
-0.001914
0.01004
0.016357
0.026723
-0.012574
-0.008192
-0.013404
-0.01567
-0.022069
-0.005385
-0.007897
-0.013991
0.005028
-0.01918
-0.00939
-0.016065
0.009061
-0.016116
-0.002591
-0.010795
0.031172
-0.022666
-0.025676
0.03215
0.00759
-0.023677
-0.006518
-0.010062
-0.026799
-0.022625
0.016577
0.01747
0.00476
0.035148
0.000723
-0.0104
-0.0201
-0.006006
-0.01653
-0.023107
-0.021476
-0.002416
-0.00011
-0.017207
0.001227
0.041883
-0.001601
0.046266
0.029048
0.019666
0.022457
-0.017863
-0.015751
0.012292
0.015659
0.017256
-0.005147
-0.028915
-0.011363
-0.001331
0.000195
0.03986
0.021095
-0.005527
0.000585
-0.009562
0.027715
-0.004078
0.006645
-0.003488
0.003258
-0.019488
-0.004182
-0.004015
-0.015989
-0.036182
-0.015278
-0.004098
0.004251
0.01117
0.000701
0.009432
0.006716
0.000629
-0.026554
-0.013811
0.003572
-0.019134
-0.017209
0.009394
0.026004
0.006289
-0.003256
-0.005404
-0.008929
0.016824
0.004652
-0.003644
-0.010726
-0.014274
0.014224
0.008661
-0.004346
0.000377
0.02113
0.024539
0.006887
0.005216
-0.000648
-0.014038
0.016452
0.020262
-0.004197
-0.008562
0.006663
-0.001497
-0.015129
0.001714
-0.005449
0.014789
0.004637
0.012417
0.035187
0.003203
0.016026
-0.013762
0.010194
0.012397
-0.002141
0.018134
-0.003823
0.001403
-0.003232
0.002891
0.01725
0.013498
0.00669
-0.006815
0.006412
0.009818
0.005949
-0.0141
-0.023134
0.010438
0.004992
0.010039
0.01785
0.006976
-0.007898
0.009574
0.007071
0.008023
-0.006587
-0.009333
0.001894
0.012349
0.015381
-0.010305
-0.009281
-0.008862
-0.002602
-0.02325
0.007952
0.018593
0.003105
-0.005891
-0.008782
-0.002625
-0.011201
-0.007397
-0.006529
0.00784
0.023084
0.011333
0.004824
0.01712
0.008331
0.003501
0.007397
-0.010882
0.010924
-0.001601
-0.01114
-0.000699
0.006845
-0.004267
-0.006558
0.019925
0.009424
0.012846
0.010348
-0.015169
0.005038
0.005984
0.011484
0.001209
0.010843
0.007768
-0.009414
-0.01071
0.001395
-0.005102
-0.011103
0.004253
0.013903
-0.001283
-0.007062
-0.000158
0.016466
0.016072
0.003419
-0.002836
0.000982
-0.002321
-0.013446
-0.008146
0.001225
-0.005305
0.004683
0.010456
-0.009408
-0.002044
0.01834
0.006409
0.011118
0.006259
0.004561
0.001815
4.5e-05
0.004198
-0.003705
-0.007032
0.002129
-0.008545
-0.001465
0.014981
-5e-06
-0.001569
0.005903
0.004505
-0.010389
-0.010315
-0.004685
-0.008038
-0.010713
-0.013849
-0.001149
-0.008598
-0.006346
-0.005379
0.007731
-0.00072
-0.008483
-0.008949
-0.010432
0.000924
0.001093
-0.003008
0.006897
0.006686
-0.013375
-0.004313
0.008964
-0.001534
-0.014631
-0.02039
-0.00159
0.015614
0.009694
-0.012639
0.005755
0.023563
0.005705
-0.016108
0.006577
0.002192
-0.006831
0.003487
-0.014963
-0.009439
-0.004058
-0.001895
-0.004696
-0.009376
0.003595
0.020567
0.021877
-0.009499
-0.001183
0.009744
-0.001112
0.006531
-0.013369
-0.013655
-0.011278
0.010887
0.025685
0.011064
-0.001276
0.013666
0.004903
-0.001759
0.014381
-0.001983
-0.000596
0.001602
-0.005599
0.011145
0.008314
0.001691
0.005768
-0.015537
-0.000728
0.009092
-0.012243
-0.0009
-0.002267
-0.010192
0.004763
0.008427
0.005026
-0.001992
0.000217
0.005981
0.014824
-0.001657
-0.000774
0.006098
-0.004928
-0.011029
-0.003948
-0.000999
0.003531
0.011197
0.002588
0.00313
-0.006158
-0.01476
-0.019403
0.002901
-0.011759
0.002973
0.002995
0.009175
-0.002934
0.000169
0.003232
0.009703
0.00242
0.00304
-0.007146
-0.007512
0.006725
0.008232
0.009023
-0.001468
-0.00397
0.004606
0.00779
0.018624
0.010383
0.004778
0.006896
0.003933
0.014495
-0.007879
0.016504
-0.005373
0.003992
0.014
0.005715
-0.006287
-0.00203
0.012047
0.004989
-0.005993
-0.005296
0.016433
0.006647
0.000884
0.003887
0.007325
-0.01386
-0.008733
0.001612
0.008251
0.003383
-0.005352
-0.005164
-0.006082
0.007837
0.015968
0.006959
-0.004284
0.004703
-0.002582
-0.015476
-0.004785
0.004125
0.005296
-0.005951
-0.009958
0.00169
0.010891
0.003658
0.00404
0.009294
-0.009816
-0.010507
0.011647
-0.001352
-0.003695
0.00149
0.000968
0.015411
0.011742
-0.005998
0.000601
-0.00422
-0.004258
0.007628
-0.004669
0.000147
0.012468
-0.001037
-0.01172
-0.009193
-0.008882
-0.001777
0.008526
-0.007246
0.00347
0.007295
0.014856
0.003954
-0.002841
-0.006656
0.001251
-0.005185
0.002571
-0.000302
-0.004288
-0.007041
0.006577
-0.005425
0.003234
0.007788
0.013056
-0.001334
-0.001734
-0.005726
-0.008301
-0.00208
0.001575
-6e-05
0.007403
-0.006478
-0.017047
0.000783
-0.001106
0.000339
0.007908
-0.002684
0.003467
-0.000797
-0.009512
-0.004956
0.001983
-0.00042
0.008713
0.013245
0.010648
-0.005002
0.005386
0.016015
0.001207
0.004868
-0.00726
-0.001909
0.005558
-0.00088
-0.002648
0.003896
0.004634
-0.006639
0.004922
-0.005597
0.002651
0.001802
0.009632
0.008514
-0.002124
0.002174
-0.0068
-0.004794
-0.002926
-0.005849
0.000584
0.00147
0.001307
1.9e-05
-0.005227
-0.003537
-0.001403
0.004901
-0.001523
0.010025
0.002259
-0.004774
0.000102
-0.001789
0.008883
-0.002812
0.001218
0.000684
0.001924
0.003635
-0.001929
-0.011237
-0.00965
-0.00348
-0.006978
0.009034
-0.007022
0.001606
0.006096
0.007899
0.010957
-0.000784
0.004012
0.00685
-0.001299
-0.004463
0.002317
-0.003245
-0.002885
0.002597
0.009961
0.009677
0.00051
0.013887
-0.003388
-0.004803
-0.001057
0.004179
-0.011723
-0.005477
-0.00126
-0.009802
-0.001568
-0.007278
-0.003285
0.006349
-0.009499
-0.008774
-0.008037
0.012726
-0.012904
0.000803
0.005827
-0.00027
0.002522
-0.009507
-0.007711
0.001364
0.010315
0.006623
-0.001064
0.01352
0.002577
-0.011813
0.006903
-0.014245
-0.011797
-0.002616
-0.005341
0.008529
-0.003623
0.006407
0.001928
0.00627
0.012754
0.000645
0.006473
-0.005467
0.004803
0.007132
-0.006643
-0.003329
0.004158
-0.00368
0.006217
0.008197
-0.000544
0.005476
0.004402
0.001533
-0.000276
0.004552
0.000326
-0.003503
-0.005357
-0.005654
0.005802
0.004481
0.000793
0.012204
0.006876
-0.004153
0.005413
0.005511
-0.00433
-0.01182
-0.008133
0.001056
-8.2e-05
0.001779
-0.009875
-0.007011
0.007965
-0.001619
-0.002662
-0.003773
0.004765
-0.008591
0.003481
-0.000361
-0.001378
-0.007486
-0.005501
0.001194
0.001893
0.00519
-0.001573
-0.004436
0.00157
0.000516
-0.002903
-0.008822
0.001277
-0.005445
0.005779
0.003323
0.004467
-0.005773
-0.003359
0.000581
-0.002917
-0.005421
-0.001428
0.003693
0.008932
-0.002772
0.00513
0.003254
0.001081
-0.004006
-0.007588
0.005564
0.000297
0.007845
0.005299
0.001951
-0.000723
-0.002411
-0.005262
-0.002205
-0.008675
-0.004847
-0.006732
-0.000237
0.006831
-0.012053
-0.000886
0.008459
-0.010048
-0.002098
-0.001044
0.004207
0.005752
0.01299
-0.000129
0.008457
0.000184
-0.004863
-0.004272
0.003297
-0.006898
-0.013492
-0.013466
0.000321
0.008933
0.002343
0.002511
0.006018
0.004924
0.006243
0.002713
-0.005378
-0.002269
0.003275
-0.006917
-0.000339
0.003181
0.004625
0.00388
0.005168
-0.004252
-0.004268
-0.012341
-0.003826
-0.00893
0.002416
-0.007366
-0.001635
0.008786
-0.001765
0.010011
-0.00458
0.005376
0.005167
-0.000529
0.002825
0.0038
0.011326
-0.002641
0.002846
0.000972
0.004672
0.00327
-0.00282
0.001588
0.005686
-0.001554
-0.008546
-0.000363
0.003535
-0.003457
9e-05
-0.00526
0.003626
-0.001403
-0.002568
-0.000817
0.001316
0.007046
0.007061
0.007888
-9.6e-05
-0.001335
-0.000208
-0.007535
-0.005205
-0.016533
0.001226
0.000867
0.004208
-0.006218
-0.000822
0.005547
-0.000574
-0.006642
0.001302
0.008929
-0.00763
-0.002723
0.003552
-0.00417
0.000252
-0.000293
-0.002428
0.003797
-0.00178
-0.004001
-0.009956
-0.000239
0.009091
-0.005453
0.004094
0.000427
0.006865
0.002512
0.002933
-0.007748
-0.009164
-0.002627
0.00064
0.004432
0.003297
-0.003676
-0.00661
0.000945
-0.008081
-0.000411
-0.000367
0.003914
-0.001364
0.000831
0.005547
0.007141
0.002535
-0.007193
-0.003964
0.004088
-0.00079
-0.002278
-0.008462
-0.01023
-0.006008
0.001478
-0.000612
-0.000428
-0.01147
0.00278
-0.003015
-0.007994
-0.006739
0.011883
0.003283
0.003154
-0.002549
-0.010098
-0.006009
0.001977
0.009598
0.008282
0.00157
0.005664
0.020022
0.013818
-0.00625
0.00666
-0.004818
-0.003303
0.002296
-0.001261
0.009761
0.005649
0.002695
-0.006232
-0.015431
0.002371
-0.000605
-0.000662
-0.003759
-0.015723
-0.000763
0.00231
0.007564
0.00019
-0.000366
0.004436
-0.005017
-0.001451
-0.007144
-0.002598
0.006358
0.007722
0.010159
0.000163
-1.9e-05
0.003287
0.001699
-0.013772
-0.003596
-0.008235
-0.01169
-0.010289
-0.005892
-0.005139
0.001104
-0.00131
-0.002783
0.005211
0.007488
-0.004968
-0.002488
-0.007236
0.000312
0.00141
-0.008867
8.3e-05
0.009252
-0.000881
0.008232
0.003078
-0.004577
0.00028
0.008654
0.005958
-0.004905
-0.002206
-0.002792
-0.008385
-0.002317
-0.008173
-0.001654
-0.003838
0.00052
0.002389
0.009247
-0.007866
-0.007814
0.001722
0.001718
0.001381
-0.005863
0.005312
0.005405
0.000887
0.011535
0.000905
0.004799
-0.002554
0.004344
0.007981
0.006835
-0.011668
-0.003012
-0.001191
-0.005487
0.00741
0.001657
-0.002664
-0.002492
-0.007541
0.004209
0.008607
0.002138
0.004289
0.003604
-0.002648
-0.001485
0.010205
0.021754
0.017461
-0.011539
0.004362
0.007242
-0.00181
0.015556
0.009245
0.002266
-0.010217
0.010454
0.009223
-0.003714
-0.010013
-0.001701
0.006952
-0.003289
-0.001874
0.000424
0.013348
0.009173
0.007356
0.006377
0.002518
-0.009377
-0.005493
0.010477
-0.00869
-0.009563
-0.002566
-0.002293
0.002621
0.004267
0.001482
0.008238
0.018544
0.004299
-0.002239
0.000795
-0.002771
-0.003342
0.000981
-0.001627
-0.011354
-0.009379
0.000357
-0.010034
-0.005057
0.00225
-0.004101
-0.012766
0.004043
0.004407
0.001945
-0.001
-0.004012
-0.008663
0.000901
0.005778
0.004015
0.006677
0.003639
-2.9e-05
0.013972
0.002509
-0.0094
0.013299
-0.00105
-0.003067
-0.000371
0.008068
0.006369
0.004969
0.004643
0.007613
0.000771
0.024326
0.00505
0.005019
-0.003432
0.005071
0.004792
-0.007719
0.002958
0.000608
-0.000804
0.007678
0.00457
-0.003663
-0.007715
0.00377
0.005917
0.00193
-0.000188
-0.008162
-0.005952
0.000934
-0.002252
0.004556
0.007845
0.008703
0.000423
0.014131
0.001101
0.000915
-0.006681
-0.011249
-0.009352
-0.009288
-0.005976
-0.007693
0.001174
-0.000186
0.000216
0.007338
-0.009474
0.003112
0.005419
0.003994
-0.003382
0.005338
0.00185
0.002335
0.01088
-0.001895
0.011543
-0.006675
-0.002902
-0.019173
-0.01362
-0.007339
-0.012589
-0.012881
0.001891
-0.006706
-0.00203
-0.012993
-0.015487
0.00654
-0.019662
0.041856
-0.01172
0.005809
-0.009665
-0.013561
0.006004
9.6e-05
0.004697
-0.016702
-0.006602
0.002269
0.011157
0.007958
0.008915
-0.002503
0.005666
0.004308
0.003179
-0.008679
-0.014514
0.009931
0.01678
-0.000176
0.013384
0.000846
-0.00422
-0.004972
0.005331
-0.005124
-0.005731
0.000198
-0.007167
-0.020396
0.009031
0.004288
-0.000314
0.018318
0.0127
-0.009334
-0.003556
-0.002497
0.007688
0.010533
0.008969
0.005133
-0.002984
0.005121
-0.006105
0.005301
0.007265
0.007221
-0.012074
-0.000317
0.003595
-0.000787
0.001291
0.007365
-0.004078
0.010561
0.006906
-0.00275
-0.003647
-0.01222
0.001532
-0.004488
-0.013171
-7.9e-05
-0.008074
0.005687
0.002556
0.00344
0.008031
-0.001229
-0.001176
-0.000125
0.00799
-0.003216
-0.006199
-0.00562
-0.000654
-0.015826
0.001845
0.006854
0.000441
0.012057
-0.0024
0.006565
0.01133
-4e-05
0.001753
0.001892
-0.001163
0.001323
0.008332
0.003827
-0.005566
0.007789
0.004243
-0.001082
-0.005088
0.014921
-0.00422
-0.001053
-0.004468
-0.00637
0.015052
0.002894
0.006085
-0.000733
-0.003151
0.004535
-0.009736
-0.002998
-0.008266
0.000856
0.004745
-0.004311
-0.000225
0.003572
0.005766
0.003399
-0.00478
-0.002258
0.000429
-0.00011
0.001064
0.00072
-0.009827
-0.015958
0.002184
0.002858
-0.009264
0.000954
-0.004904
0.001065
0.003339
0.01589
7.9e-05
0.002522
0.004988
-0.004782
0.001337
0.00261
-0.001818
-0.00948
3.1e-05
0.000737
0.002392
0.012972
0.006635
0.005397
-0.002565
0.00378
0.009539
-0.005086
-0.001776
0.000178
-0.006146
0.000872
0.000582
0.004534
0.005046
-0.00517
-0.004298
0.005712
0.00568
0.000793
-0.008772
0.001109
0.003453
0.011347
0.008446
-0.002666
-0.00598
-0.008429
-0.003702
0.004538
-0.008651
-0.001589
-0.001026
0.002684
-0.002771
0.003678
0.011256
0.000418
0.000511
0.001321
0.006731
0.003916
-0.000184
-0.000615
0.003306
0.014046
0.003808
-0.004206
0.009195
0.009746
0.001412
0.007218
-0.0017
0.002447
0.005511
0.000321
0.001501
-0.003538
3.8e-05
0.006377
-0.000665
-0.000292
-7.1e-05
0.003248
-0.016886
-0.009542
0.004078
0.007439
0.00555
-0.006273
0.003358
6.5e-05
0.009216
-4e-06
-0.006851
0.002899
0.021217
-0.001171
-0.007996
0.001109
0.002137
0.001901
-0.0082
-0.006488
0.009237
0.000441
0.005556
0.009565
-0.011895
-0.030515
-0.01166
-0.002717
-0.005132
-0.010512
-0.001921
0.002475
0.00173
-0.020198
-0.008495
-0.003556
0.001472
-0.003679
0.005626
0.002077
0.019877
-0.007723
0.005362
0.003962
-0.0066
-0.006043
-0.012
0.005342
0.012553
0.01989
-0.005298
0.003774
0.007316
-0.002306
0.004284
-0.005584
0.002404
0.007734
0.022544
-0.003489
0.00376
0.000646
-0.005804
-0.002829
0.009087
0.004844
0.006758
-0.004848
0.002346
-0.002074
0.000319
0.001797
0.011895
0.004327
-0.01004
-0.000788
0.000718
-0.006787
0.001447
0.001186
0.00136
-0.000635
0.000128
-0.019961
-0.004569
0.012282
0.003135
0.021083
-0.000165
0.008314
0.001002
0.003495
0.007151
-0.000919
-0.003369
0.003567
0.009668
-0.005555
0.017731
0.001651
-0.000785
0.011092
-0.005966
0.010395
-0.00906
0.009039
-0.005132
0.002715
0.01099
0.004449
0.01449
-0.007294
0.007938
0.00341
-0.015023
-0.009364
-0.007064
0.016729
-0.010981
-0.002033
-0.013494
0.006659
-0.014352
0.000191
0.011343
-0.009802
0.003335
-0.014738
-0.02212
-0.016964
-0.002591
0.012515
-0.008401
-0.011673
-0.001892
-0.029859
0.018708
0.002146
-0.012305
-0.006843
-0.029781
-0.000795
-0.005179
-0.003916
0.025102
0.014778
0.000326
0.005982
-0.004937
-0.019516
0.010946
0.020349
0.007297
-0.003068
-0.009376
-0.001196
-0.011746
-0.004294
-0.00508
-0.007173
0.036469
0.002584
0.007052
0.007875
0.004322
0.002746
0.003878
-0.007158
0.001414
0.008768
-0.000111
0.009109
-0.008906
-0.012893
0.000991
0.013804
0.005592
0.000754
0.004351
0.003197
-0.000557
0.001291
0.01291
0.016924
0.006705
0.006849
-0.016784
0.009067
-0.003395
-0.002528
0.019502
0.001161
0.003861
0.004504
0.009081
0.011995
-0.003379
0.001635
0.002562
-0.000564
0.002034
-0.014838
-0.004577
0.004501
0.005874
0.013677
-0.003978
-0.001843
-0.015535
0.006104
0.006476
0.015141
0.007178
-0.003409
0.001074
-0.008782
0.007675
0.019083
-0.006161
0.002476
0.015943
0.004015
0.003813
-0.002557
-0.001951
-0.001479
-0.00815
0.006325
0.008197
-0.000771
-0.004014
-0.00321
-0.001578
-0.001438
0.006872
0.016556
0.002105
0.010292
-0.008163
-0.003955
0.016187
0.003698
-0.01817
-0.006165
0.009754
0.01405
0.004424
-0.005592
-0.002282
-0.010846
-0.011428
0.003063
0.011406
0.019432
-0.005822
-0.004099
-0.012757
0.006971
0.006394
0.006637
-0.000938
0.001061
0.009501
0.016855
-0.003889
0.00661
0.009173
-0.007258
0.007421
-0.012993
-0.018704
-0.021914
0.015663
0.01391
0.00711
0.010125
0.018148
-0.005489
0.005053
-0.004685
-0.005512
0.013235
-0.00025
0.013472
-0.012296
-0.004783
0.008364
-0.006287
0.000566
-0.018176
0.002819
-0.015043
0.001367
-0.000964
-0.013321
0.011187
0.013635
0.019331
-0.018502
0.003217
0.00267
0.013314
0.025611
0.014042
0.004935
0.004958
0.014471
-0.005126
0.010512
-0.008549
-0.004517
0.007473
0.005497
0.002465
-0.023454
-0.000649
-0.002165
-0.001409
-0.019417
-0.023442
-0.001119
-0.016579
-0.006997
0.01508
0.001102
0.009915
0.017308
0.00048
0.005914
0.015185
-0.003416
0.004499
0.005314
-0.011096
0.002461
0.003137
0.004648
0.011665
0.001779
-0.02226
-0.014606
0.00354
-8.3e-05
-0.001437
0.001305
0.005199
0.004566
-0.002933
-0.020586
-0.002228
-0.008102
0.000111
-0.003427
0.011204
-0.005893
-0.000891
-0.004916
-0.019342
0.013665
0.001061
0.008991
0.008586
-0.009731
-0.000475
-0.007391
-0.00611
-0.002457
0.006426
0.005314
-0.01446
-0.000359
0.006882
0.001429
0.009357
0.011824
0.008989
0.006402
-0.010535
0.002418
-0.006681
-0.000782
0.009907
-0.004413
-0.003611
0.025396
-0.002014
0.011863
-0.00533
0.002238
-0.006218
0.00539
0.012276
-0.007748
0.01816
-0.006017
-0.011479
-0.002144
0.01183
0.00457
-0.001624
-0.005604
-0.011769
-0.000539
0.003134
0.003347
-0.0012
-0.009894
-0.003459
0.010894
0.003734
0.006245
-0.009176
-0.000584
-0.001284
0.008861
0.003532
-0.008525
-0.009667
-0.001072
-0.00156
-0.013721
-0.002622
0.004027
0.007833
3.6e-05
-0.014674
0.008985
-0.001837
0.005676
0.007351
0.002758
-0.002803
-0.000278
-0.001722
-0.001456
0.011613
0.007028
-0.002204
-0.005331
-0.000995
-0.013391
0.000823
0.002152
0.010687
1.7e-05
-0.002056
0.002855
0.011103
-0.001129
0.000474
-0.011123
0.009319
-0.012997
0.004663
-0.002552
0.010727
-0.005085
0.001617
-0.002804
-0.005666
-0.00522
-0.010358
-0.008945
-0.009245
0.006344
0.000742
0.00729
0.000233
0.00227
0.000693
0.003617
0.001301
0.003511
-0.015436
-0.003372
-0.009252
0.002366
0.009281
0.010447
-0.005474
0.000597
0.006291
0.007736
-0.002395
0.006077
0.011353
0.000244
-0.005277
0.006191
0.010361
-0.003785
0.000635
-0.007405
-0.00956
-0.008997
0.003589
0.001761
-0.010719
-0.028912
-0.001483
-0.00096
-0.011357
0.004694
-0.010475
0.003041
0.003447
-0.018251
-0.009538
-0.016623
0.003037
0.015638
0.012492
-0.008612
-0.006753
-0.007096
-0.014966
-0.007162
0.008605
-0.004653
-0.009095
-0.004624
-0.019158
0.024243
0.00358
0.002201
0.00756
0.020148
0.001373
-0.002877
0.016447
0.008468
-0.006523
-0.002388
-0.003544
-0.016604
0.00727
-0.004165
-0.001407
0.011011
-0.001248
-0.004372
-0.008601
-0.003818
0.010112
0.001386
-0.003394
0.025312
0.019074
0.004804
0.001042
-0.008625
-0.006036
0.004784
-0.004561
0.002357
0.001719
-0.01248
-0.011204
0.008088
-0.006736
0.003787
0.00866
-8.9e-05
0.016848
0.004136
0.008338
0.010166
-0.000977
-0.011454
0.004599
0.007991
-0.008107
-0.00307
0.005764
0.001692
-0.0064
-0.016238
0.001241
-0.004127
0.005841
0.006819
-0.004415
-0.003752
-0.004571
0.002044
-0.001987
-0.004875
0.0051
0.002138
0.002244
-0.021753
-0.007196
-0.002664
0.005443
-0.023506
-0.003529
-0.012887
0.006498
0.0058
0.008479
-0.010505
-0.006313
0.004358
-0.003585
0.000554
-0.001102
0.004993
0.027066
0.012493
-0.020539
0.003069
-0.011556
0.000128
0.008613
-0.022146
-0.007809
0.00815
-0.001257
-0.000486
-0.002537
-0.002821
0.001595
-0.004053
-0.013801
0.000428
0.017631
-0.002381
-0.001021
0.002542
-0.00507
-0.014805
-0.010077
-0.004359
-0.016675
0.012208
0.00588
-0.000744
-0.007098
0.00816
-0.001806
-0.00166
0.011528
0.00237
0.020202
0.006378
-0.004844
0.002644
-0.010925
0.002454
0.000573
-0.002765
0.016162
0.011906
-0.003756
0.005702
0.000819
0.006765
-0.001895
2.2e-05
-0.000875
0.004383
0.00457
-0.001014
-0.010898
0.002537
0.012306
0.012957
0.005195
-0.010293
-0.006791
-0.009528
0.002368
0.004501
0.006756
0.001858
0.009487
0.00809
-0.00882
0.008948
-0.003742
-0.006598
-0.001518
-0.010445
-0.007609
-0.007762
-0.002138
0.002803
0.00109
-0.002938
-0.011598
-0.003696
-0.006516
-0.001509
0.003571
-0.001494
-0.015598
0.000641
-0.004354
-0.005403
0.005652
0.015719
-0.011916
-0.002194
-0.007271
-0.010355
-0.003827
-0.000282
0.010108
0.017559
-0.003077
-0.005955
0.009831
0.000603
-0.005991
-0.008112
-0.009308
-0.002623
-0.000514
0.002892
0.012151
0.007081
-0.001196
0.009087
0.000135
0.005733
-0.002996
0.006913
-0.000516
0.000554
-0.003234
-0.006764
-0.008526
-0.015188
6e-06
-0.005495
0.019365
-0.00971
-0.015243
-0.00774
-0.012984
-0.004888
-0.001963
-0.002226
-0.002003
0.014543
0.002587
0.047747
-0.002856
0.003905
0.035497
0.027741
-0.006403
0.020493
0.009099
-0.011821
0.00499
0.015672
-0.009831
0.017032
0.020388
-0.010624
0.006772
-0.001951
-0.008005
0.010961
0.007947
0.009029
-0.00344
-0.010629
0.000565
0.019651
-0.007567
-0.001282
-0.00416
0.002559
-0.002759
-0.012819
-0.010168
0.012896
-0.002616
0.003859
0.033056
0.022487
0.018951
0.024496
-0.000672
0.018121
-0.01687
-0.007096
0.023722
-0.001098
0.020177
-0.001519
-0.002168
-0.039554
0.00942
0.006419
-0.012974
0.001998
0.013858
0.01514
0.039667
-0.006198
0.003779
-0.011463
0.018176
-0.013754
0.004845
-0.014113
-0.018767
-0.010946
0.018359
0.003611
-0.008607
-0.021688
-0.008178
0.008175
0.007549
-0.005131
0.033027
0.001538
0.000664
-0.000997
0.022849
0.006817
-0.006838
-0.012075
-0.004071
0.003287
-0.017971
-0.015308
0.000416
0.015869
-0.008649
0.017599
0.001492
0.006165
0.018005
-0.01022
0.00364
-0.006561
0.002503
-0.016577
0.021416
0.004181
0.023547
-0.000527
0.010774
-0.006529
0.006053
-0.00618
0.00631
0.000785
-0.001962
-0.007782
0.006276
-0.016299
-0.026244
0.012733
-0.001314
0.019449
0.001545
0.006679
-0.015137
0.001303
0.007899
0.014204
0.005982
-0.008413
-0.004822
0.01737
0.00055
0.009657
-0.004352
-0.005762
-5.2e-05
0.004088
-0.014642
0.009502
0.019526
0.001178
-0.01162
0.019884
0.009126
0.007849
0.001483
5.4e-05
-0.01493
0.010474
-0.006992
-0.003397
-0.003063
0.003688
-0.010249
-0.001187
0.001744
0.009212
-0.003672
0.014278
0.003647
-0.004078
-0.00548
-0.00121
0.011517
-0.003107
0.000748
-0.007505
-0.00567
0.004636
0.007208
0.014972
0.004136
0.006492
0.008001
0.004497
0.007007
-0.00669
0.012526
-0.003965
0.002225
-0.009863
0.018581
-0.001983
0.009694
0.008669
-0.013469
0.001269
0.007169
0.006874
0.011159
-0.000358
0.000998
-0.006128
-0.004285
0.003649
-0.008413
0.002358
-0.002402
-0.007458
-0.000139
0.009069
0.013038
0.004723
-0.004441
-0.006055
-0.012295
0.001216
0.008727
0.002583
0.002924
-0.012224
-0.008665
0.003382
0.005682
0.013012
0.004276
0.009907
0.011352
-0.000337
-0.00076
0.009144
0.002345
-0.002241
0.000522
-0.011395
-0.016663
0.005883
0.008664
0.004958
-0.013315
0.011139
-0.005728
-0.001708
0.005178
-0.014855
-0.000527
0.003299
-0.010156
-0.001928
0.005269
0.026716
-0.001368
-0.001031
0.004421
0.004335
-0.015587
-0.01557
-0.014235
-0.003157
0.000438
0.008345
-0.011844
0.002968
-0.014989
0.006696
0.008382
2.5e-05
0.004981
0.008823
-0.001857
0.011387
-0.009945
0.002671
0.001663
-0.009628
-0.008859
-0.002171
0.008158
0.001213
0.001856
0.011301
-0.000567
0.00597
0.01655
0.000523
-0.001004
-0.00222
-0.01066
-0.004287
0.00331
-0.005449
0.010669
0.008879
0.009974
-0.004905
0.009001
-0.000614
0.00181
-0.008528
-0.002308
-0.004668
-0.006868
-0.00125
0.003217
0.008885
0.015341
0.002936
0.010689
-0.013288
-0.004393
0.001344
0.000848
0.002479
-0.015252
-0.006333
0.001545
-0.006905
0.001143
0.002714
-0.006269
-0.002908
-0.008331
0.00118
0.001137
0.008459
-0.008045
-0.005496
-0.003109
-0.000966
0.013569
0.002869
0.011887
0.002788
-0.007209
0.00471
0.00018
-0.00575
0.005571
0.004516
0.000835
0.002239
-0.003325
0.008285
-0.009059
0.001027
-0.006477
0.002607
-0.001675
0.002826
-0.0044
0.000255
0.002859
-0.003799
-0.010094
-0.009595
0.00423
7.6e-05
-0.001876
0.009431
-0.00186
-0.000314
0.009567
0.00351
-0.002612
0.00017
-0.005267
0.016615
0.012596
0.002523
-0.002827
-0.005404
-0.000871
-0.000804
-0.003909
0.001299
0.003974
-0.001905
-0.003348
-0.005711
-0.007155
0.005772
-0.006478
-0.003677
-0.000487
-0.006707
0.003463
-0.003603
0.004159
-0.015188
-0.015797
0.004398
-0.018278
-0.002238
0.00564
-0.008133
0.011313
-0.002174
-0.000859
-0.002367
-0.007366
-0.001874
0.000636
0.020639
0.011786
-0.015426
0.001735
0.007483
0.006794
-0.008448
-0.010612
-0.010632
0.004334
-0.00504
0.013318
0.002791
0.000163
0.004995
0.011094
-0.008773
0.00654
-0.001153
-0.011963
0.000533
-6.4e-05
0.004447
0.016268
-0.002546
-0.00165
-0.007548
-0.002102
-0.000325
-0.01624
0.002592
0.000205
0.002616
-0.005674
0.017487
-0.002631
0.006888
0.004078
-0.00699
0.000631
-0.007217
0.008017
0.003759
0.010762
-0.002251
0.001339
0.010792
0.001946
-0.004312
-0.011766
0.002535
0.007483
-0.002339
-0.000783
-0.008694
-0.006279
0.00364
-0.000478
-0.009151
-0.005307
-0.005737
-0.005688
-0.004639
-0.012438
0.003011
-0.008356
0.000562
0.001556
0.018481
0.00751
-0.004117
0.008426
-0.000146
0.001523
-0.013047
-0.005126
-0.000663
-0.011426
-0.007656
0.018111
0.005888
0.014736
-0.002166
-0.000154
-0.002065
-0.008046
-0.007277
0.008132
0.002517
-4.3e-05
0.00391
-0.006456
-0.003593
0.008231
-0.003143
-0.015209
-0.00345
0.005411
0.005066
0.004863
-0.00614
-0.007118
-0.005073
-0.004005
-0.007302
0.006716
0.008559
0.007472
-0.005721
0.003709
0.022754
0.02533
0.028507
0.002265
0.00132
-0.005524
0.023626
-8.9e-05
0.00024
-0.006548
-0.009217
0.006346
0.001693
0.005325
0.017528
-0.004626
0.000784
0.001889
-0.005468
0.005834
-0.001525
-0.003532
0.001016
-0.010175
-0.003498
0.008353
-0.007692
4.5e-05
0.001209
0.001396
0.019939
0.00489
0.000767
-0.006623
-0.004648
0.003147
-0.010266
-0.001631
0.002464
0.003653
0.004022
-0.004941
-0.008516
-0.006508
-0.006656
0.002727
-0.001636
-0.003524
-0.002313
0.002973
0.003807
0.008773
0.009887
-0.005288
-0.003843
0.023722
-0.000415
-0.003672
-0.001642
0.00051
-0.005391
-0.006079
-0.002633
0.013313
-0.003602
0.008346
0.000838
0.007474
0.010824
-0.007409
-0.002502
-0.006148
-0.00139
-0.007967
0.00022
-0.000777
-0.009702
-0.00634
0.006681
0.002841
0.014203
-0.007722
0.005572
-0.008012
-0.006723
-0.001745
-0.004447
0.00313
-0.007265
0.003836
-0.002458
0.003829
0.00167
-0.002679
-0.004758
0.005299
0.00621
0.027229
-0.005359
-0.004413
-0.00401
0.007841
-0.001793
-0.004511
0.002936
0.005666
-0.010742
-0.00477
-0.005183
0.003312
-0.00103
0.007316
0.019031
-0.002399
0.015344
0.001771
0.002447
-0.002839
0.003097
0.023062
0.001314
0.010963
-0.003433
0.003635
0.001223
0.010366
0.001146
0.001246
-0.005488
0.010833
0.001942
-0.000393
0.007953
0.002463
-0.008789
7.8e-05
0.016032
-0.004942
-0.005007
-0.000915
-0.000655
-0.005582
-0.004069
-4.8e-05
0.010464
-0.002073
0.002612
0.011534
-0.006305
0.001364
-0.008851
-0.006244
-0.002367
-0.001169
0.004843
-0.00843
-0.001767
-0.006091
0.000658
0.014997
-0.002212
0.001685
-0.001802
-0.005148
0.002739
0.006062
0.000123
0.006229
0.00337
-0.004063
-0.0077
-0.000332
-0.00574
0.001399
0.006613
0.004337
0.001746
0.002358
0.00182
0.002477
-0.005081
0.002003
-0.002229
0.006702
0.002098
0.006298
-0.006668
-0.008322
-0.004586
-0.007626
0.003187
0.007089
0.000278
0.005004
-0.000322
0.007738
0.013436
0.001698
-0.003268
0.003594
0.006241
0.010134
0.012833
0.000667
-0.005507
-0.005113
0.004182
-0.001443
-0.000888
0.000127
0.009473
2.7e-05
0.004241
0.000603
0.00478
-0.006948
-0.000536
-0.002462
-0.00732
-0.01209
0.009433
-0.00304
0.004244
-0.003371
0.000454
0.014403
-0.000447
0.002862
0.001696
0.006457
0.003124
0.003192
-0.002023
-0.002728
0.005624
-0.00272
-0.004431
0.006712
0.002816
0.001956
-0.002858
0.01072
0.004173
-0.005715
0.003263
-0.003718
-0.009019
-0.005494
0.002007
0.002467
-0.014404
0.001974
0.005259
0.006811
-0.003184
-0.004055
-0.013383
-0.001014
0.007473
-0.002787
-0.003145
-0.002037
0.000987
-0.001165
-0.005325
0.001823
0.008861
0.005391
-0.009307
-0.001406
0.001754
0.004329
0.003672
0.000785
-0.001303
-0.003443
-0.003191
1.9e-05
0.005216
0.000527
-0.007175
-0.009933
-0.007403
-0.004613
0.000212
-0.00794
0.002273
0.008969
-0.007085
0.011899
-0.007986
-0.011029
0.003482
0.003986
0.016723
-0.00535
0.001439
-0.006026
-0.006978
7.9e-05
0.003771
0.001455
0.008461
0.011366
-0.001618
0.01005
-0.001378
-0.003338
-0.000234
0.005655
0.00529
-0.003037
-0.005378
0.002059
0.008115
0.004557
-0.001082
0.008842
-0.000626
0.006748
0.002795
-0.000212
0.006915
0.018091
0.004289
-0.004904
0.009923
-0.0048
0.003538
-0.000276
0.001647
0.012157
0.000843
-0.005284
0.001573
0.009662
-0.000892
-0.008986
0.002497
0.016898
-0.00188
-0.004178
0.007192
0.000981
0.009735
0.002096
0.015499
0.00976
-0.006252
-0.004237
0.00097
0.00428
-0.011047
-0.005928
0.002377
0.009757
0.005235
0.002843
-0.008127
0.006174
-0.000388
0.014585
-0.02731
-0.00863
-0.000867
0.003849
-0.000699
0.007922
0.00472
-0.003513
-0.003785
-0.008167
-0.011048
0.003809
0.010558
0.004967
0.011719
0.002739
-0.004607
0.01196
0.010712
-0.003526
0.000534
0.002061
0.005651
0.008074
-0.000951
0.000619
0.006512
0.010431
0.012905
-0.011623
0.010843
0.010826
-0.000737
-0.002328
0.001219
0.012183
0.001086
-0.005726
-0.004379
-0.000695
0.004308
0.001878
0.005162
0.022259
0.003716
0.002513
0.013562
-0.007123
0.004989
-0.001212
0.004741
-0.01338
0.0084
-0.002063
0.011187
0.007084
-0.000193
-0.015524
0.002143
-0.013058
-0.016399
-0.000484
0.021723
0.001056
0.011059
-0.002032
0.005727
0.001938
0.019262
0.002931
-0.002332
0.009937
-0.009888
-0.002848
0.001548
0.000421
0.003861
-0.010223
-0.020836
-0.00106
-0.001908
0.013639
-0.002241
-0.004523
0.004971
0.00326
-0.00107
-0.004379
0.004945
-0.013326
-0.006754
0.002117
0.013176
-0.002694
0.019556
0.005597
0.014685
0.007693
0.005338
-0.002328
-0.009332
0.002036
-0.006073
0.006504
0.000329
-0.022601
-0.001219
0.006474
0.001615
0.017203
0.001212
-0.006867
0.00212
-0.002997
0.01282
-0.008522
0.008136
0.00789
-0.000958
0.003638
0.005291
0.004763
0.002762
-0.003473
-0.030918
-0.01054
0.005594
0.000736
-0.002565
-0.016906
-0.018253
0.004647
0.004851
0.001207
-0.000673
0.008868
0.001168
-0.002483
0.009895
-0.01773
-0.005433
0.008547
-0.001809
-0.005253
0.005771
0.003262
-0.000447
0.002168
-0.000591
0.016935
0.010844
0.00966
0.002324
0.00328
0.001228
-0.003078
0.01314
-0.0004
0.002139
-0.008972
0.020317
0.001675
-0.001596
0.000296
-0.017374
0.006187
0.015058
-0.013052
-0.009095
-0.001372
-0.002898
-0.04798
-0.019012
0.004947
-0.000428
8.4e-05
0.002638
-0.000449
0.010863
0.004483
0.003078
-0.018179
0.000998
-0.009459
0.006346
0.009472
0.00177
-0.000951
0.004679
-0.001844
0.010043
-0.00386
-0.001173
0.001799
-0.002268
0.014955
0.002942
-0.003215
-0.011479
-0.000395
0.001526
0.013137
-0.003985
0.002589
0.002161
0.00686
0.011957
0.000711
0.008049
0.002271
0.002498
-0.002573
-0.000105
0.001458
0.004005
-0.002128
-0.014715
0.006281
-0.005201
-0.025936
0.003386
0.01842
0.015883
0.007121
0.003106
0.001754
0.001963
3.5e-05
0.019557
-2.7e-05
-0.002849
-0.007769
0.000691
-0.007255
0.006655
-0.01123
-0.003615
0.003411
0.007413
-0.009375
-0.0036
0.010807
-0.003213
-0.010132
0.003413
0.001036
-0.009452
-0.005431
-0.006182
0.01894
0.024527
0.002155
0.010119
0.007615
0.005695
0.006296
-0.00124
0.010243
0.010135
0.003315
0.011777
-0.001456
-0.004091
0.022707
-0.013946
-0.001525
0.015159
0.006639
-0.004429
-0.000414
0.009425
-0.001465
0.013383
0.006373
-0.003567
-0.006595
-0.011061
0.009199
-0.006808
0.015777
0.020146
2.7e-05
0.000822
-0.000809
-0.009604
0.001549
0.003999
-0.003479
0.004219
-0.003372
0.00336
0.015576
0.00681
0.000319
-0.00766
0.00928
-0.001877
0.002811
-0.004568
-0.006126
0.014818
0.000931
0.005112
0.013
0.010031
0.002048
-0.003466
0.002036
-0.016265
-0.023526
0.007507
0.004214
0.003426
0.023536
0.005356
-0.016794
0.001274
-0.014905
-0.00137
-0.022681
-0.023869
0.019498
0.009326
-0.003318
0.024115
-0.019332
-0.001441
-0.018247
0.000693
0.00346
0.007192
0.01298
-0.001248
0.005277
0.020919
0.000575
-0.002168
-0.004304
-0.005541
0.005445
0.002484
0.000387
-0.02282
-0.003133
-0.023846
-0.0049
0.007267
0.006521
0.025357
-0.000421
0.007006
-0.00252
-0.000609
-0.004702
0.017145
0.005846
-0.005199
0.011096
0.001906
0.001178
0.004061
0.009476
0.005301
0.005772
0.000197
0.002969
0.0036
0.009102
-0.003504
-0.004861
0.00702
-0.005439
0.001597
-0.012881
-0.002646
0.007973
-0.00181
0.008234
0.002796
-0.002468
0.002631
-0.002268
0.010238
-0.000789
0.007013
0.005794
-0.009421
-0.008868
-0.000744
-0.002231
0.004759
0.004883
0.005639
0.010506
0.007732
0.002075
-0.003197
-0.003802
0.00715
0.011884
0.003644
0.015975
0.016412
-0.002654
0.006624
-0.001842
0.000912
-0.014561
0.0015
0.015525
0.003058
-0.007183
0.010306
-0.006512
-0.009295
-0.012984
0.00833
-0.018745
-0.005587
-0.004665
-0.010673
-0.009564
0.001756
0.009633
0.015331
0.003235
-0.0158
-0.009141
0.000437
-0.00039
-0.014105
0.029316
0.005158
-0.003832
0.001077
0.009264
-0.004046
0.000465
0.017278
0.002253
0.000207
-0.026343
-0.002542
-0.014471
-0.009376
-0.005453
0.016518
-0.027903
-0.025175
-0.051522
-0.194588
0.042934
0.088119
-0.039091
-0.00107
-0.082942
0.023945
0.002231
0.048599
0.030514
0.014611
-0.018955
-0.006845
0.023489
-0.016063
-0.027936
-0.017697
0.012223
0.02725
-0.010756
0.004298
-0.015171
0.010448
-0.02265
0.008927
0.003751
0.014508
-0.009016
-0.015014
-0.041767
0.007539
0.005794
-0.035101
-0.005658
0.021925
0.026981
0.017183
-0.021872
0.00687
0.030329
0.002718
0.021183
-0.019592
0.024079
0.002576
0.00122
0.012125
-0.003315
-0.025604
-0.003446
0.012924
-0.004177
0.037328
0.010727
0.001268
0.008487
-0.067067
0.015751
-0.008015
0.001696
0.000162
0.025834
-0.00096
-0.009877
-0.026884
0.001899
0.013622
0.023413
-0.009625
-0.000887
0.015258
0.014483
-0.006874
0.002416
-0.013288
0.001007
-0.003934
-0.00744
0.011383
0.019532
-0.002832
0.006384
0.009611
-0.002978
-0.004917
0.014448
0.015376
-0.001913
-0.001581
-0.011031
0.003423
0.020811
-0.002114
0.003331
-0.000311
-0.002217
0.001014
0.007366
-0.000833
-0.019406
0.003493
0.005419
-0.00086
0.00939
0.009692
-0.000155
-0.008601
0.000231
0.000392
-0.020656
-0.01766
-0.001704
0.007668
-0.007384
0.003332
-0.010348
0.008953
0.027372
0.002217
0.012278
0.002873
0.004879
0.000465
-0.042868
-0.000546
-0.002396
-0.004409
-0.006552
0.000598
0.014504
0.00923
0.006352
-0.000422
-0.005066
-0.004733
0.001289
0.00606
-0.009822
-0.005849
-0.004636
-0.003
0.004255
-0.016288
0.002433
0.011006
0.008074
-0.011836
-0.015931
0.005009
0.001713
-0.008171
0.010586
0.001454
0.003447
-0.004371
0.033981
0.017906
-0.004939
0.004266
0.002734
-0.006762
0.023718
-0.003756
0.003428
0.000844
0.010539
0.000669
-0.016452
0.00293
-0.006207
0.010297
0.014522
-0.002667
-0.003133
-0.016744
0.012035
-0.004555
0.008954
-0.005668
0.015084
-0.014594
-0.000178
-0.006271
0.001933
-0.009212
0.00476
0.003462
0.006242
-0.005229
-0.007774
0.005765
-0.012277
-0.011988
0.004696
0.002171
-0.009954
0.013493
0.022082
0.001606
-0.000264
0.003652
-0.003117
-0.002972
-0.003955
-0.011973
-0.017453
0.00348
-0.000882
-0.013804
0.007182
0.001185
0.001206
-0.002626
-0.012774
0.000338
0.015656
-0.007094
0.001804
0.010924
0.000986
-0.00366
-0.012027
0.023472
0.004786
0.00087
0.000159
0.00424
-0.001046
0.003161
0.006764
-0.004233
0.008962
-0.005953
0.003508
0.002103
-0.003847
0.002769
-0.003035
-0.002572
0.003679
0.01291
-0.002197
-0.00168
-0.002515
0.004436
0.00191
0.020676
0.000934
-0.001035
-0.014373
0.004206
0.001519
0.002884
0.010736
-0.008572
0.021202
0.002684
-0.003948
0.000266
-0.003383
-0.014153
0.003924
0.001726
0.001209
0.000119
0.000566
-0.009166
-0.008294
0.004192
-0.005915
0.001233
-0.020928
-0.000684
0.002526
-0.017047
0.002787
0.007545
-0.000863
0.003918
0.007053
-0.006698
0.005455
0.009216
0.009863
-0.003698
-0.002481
0.011205
0.010543
0.001536
-0.005217
0.00177
-0.001553
-0.00098
-0.003626
-0.003534
0.006885
0.009489
-0.004412
-0.000358
-0.001528
0.004137
-0.003422
0.00105
0.00802
-0.005294
-0.009044
0.014988
0.002235
0.002469
0.001121
-0.00217
0.005964
0.00413
0.002091
0.001257
-0.001735
0.01035
0.000975
-0.000916
-0.006671
0.013277
0.002737
0.009166
0.007243
0.00393
0.008956
-0.000841
-0.000698
0.000875
-0.002486
0.012011
-0.00287
-0.008327
-0.013425
0.002066
-0.002348
0.008477
0.002036
0.006704
-0.002233
-0.016993
0.003484
-0.016299
0.002439
0.003762
-0.005369
0.00981
0.003984
0.012381
-0.002667
0.000788
-0.000478
-0.003269
0.008204
-0.000418
0.004977
0.009218
-0.022316
-0.009754
0.005002
-0.002782
-0.004944
0.00558
0.003509
0.002995
0.000451
0.008509
0.004867
-0.002854
0.002987
-0.003137
0.006436
-1.1e-05
0.004543
0.001784
-0.008237
0.016234
0.001262
0.014075
0.003965
-0.002552
0.009457
-0.001867
-0.005793
0.000818
0.008471
0.000385
-0.001314
-0.002788
0.000198
-0.000804
-0.000299
-0.004679
-0.001822
0.00209
0.003588
0.022377
0.008272
-0.001949
0.006928
0.001754
0.009484
0.003633
-0.011238
0.002406
0.000281
0.007761
-0.007703
0.004648
0.005009
0.010855
-0.010137
0.006519
0.008754
-0.000571
0.00019
-0.001163
-0.006958
-0.000454
-0.01181
0.00353
0.002206
-0.001854
-0.002059
0.005337
0.017237
-0.003295
0.005686
-0.007136
-0.01971
-0.00519
0.004076
0.00443
0.003028
0.01039
0.006452
0.00549
0.003452
0.000231
0.005691
0.002268
-0.00339
0.012805
-0.0064
0.006731
-0.005812
0.000456
0.012635
0.01156
0.001024
0.011471
-0.006384
0.002134
0.001666
-0.002353
0.015889
0.000364
-0.006348
0.003844
-0.009899
-0.004583
0.00498
0.003037
-0.003463
0.004368
-0.014622
0.00108
0.010423
0.019792
-0.00233
0.004526
-0.006176
0.002723
0.001693
0.006964
-0.002907
-0.009305
-0.002583
0.000696
-0.00271
0.003491
-0.009561
-0.006873
0.004926
0.004925
0.000591
-0.000508
-0.001723
0.003771
-0.00786
0.000813
0.001854
0.010274
0.001949
0.00495
0.011451
0.006052
0.000102
0.00532
0.002752
-0.001792
-0.00596
-0.00436
-0.060905
0.026696
-0.004405
0.001665
0.015723
1.5e-05
-0.00657
-0.002699
-0.003869
-0.012697
-0.008885
0.000475
0.015914
0.002641
-0.007371
-0.002237
-0.014621
0.007019
0.010175
-0.004198
0.007732
0.001963
-0.005214
0.007285
0.000744
0.00333
-0.006469
0.000573
0.00662
0.006442
0.005048
0.000842
-0.006213
0.006682
0.013156
0.002878
-0.004868
-0.00348
-0.002342
0.002663
0.000168
0.008725
0.003006
-0.004841
-0.002717
-0.017911
-0.003475
0.001039
0.005554
0.008108
-0.001505
0.005502
0.005533
0.007697
0.017527
-0.002028
-0.007913
-0.010069
0.004798
-0.011822
-0.006397
0.003555
-0.024482
-0.009086
0.01136
-0.00965
0.002464
0.002848
-0.025516
0.001458
-0.001784
-0.013214
-0.000937
-0.00148
-0.006837
0.018505
-0.000526
0.006636
0.003658
-0.006471
0.012745
-0.002146
0.002327
-0.01016
0.003099
0.002925
0.008808
-0.006203
-0.014207
-0.000619
-0.005867
-0.004672
0.014076
0.005389
0.005013
0.003048
0.008332
-0.004746
0.012692
-0.003088
0.009651
-0.006386
0.002424
-0.007962
0.002751
0.00332
0.011167
0.005245
-0.005728
-0.005066
-0.012495
0.004903
0.001969
0.010609
0.002265
-0.00344
-0.002828
-0.003003
0.014589
-0.007022
-0.000634
-0.00181
0.003429
0.002021
-0.000395
0.007629
0.001186
-0.00011
-0.011545
-0.007883
-0.009104
-0.011236
-0.002203
0.005336
0.002813
-0.011882
0.005559
0.004737
0.006828
0.003381
0.008809
0.006472
0.005085
0.002095
0.003764
0.02326
0.008448
-0.000853
-0.00094
0.001527
0.000419
0.009805
0.001561
0.002261
-0.001675
-0.010589
0.016972
0.001021
0.001383
0.005151
0.012349
-0.002138
-0.004335
-0.004876
-0.012226
0.008427
0.012956
-0.003644
-0.005459
-0.000325
-0.015894
0.004444
0.00178
0.003657
-0.013607
-0.008535
-0.000973
0.008698
0.007224
0.001157
0.00443
0.001883
-0.011935
0.00777
0.002916
-0.007709
0.012528
0.011559
0.004507
0.004851
-0.003624
-0.009066
0.00302
-0.009813
-0.017775
0.001099
0.003631
-0.003092
-0.006872
0.006119
0.001712
-0.001418
-0.011685
-0.016758
-0.032141
0.002066
0.010836
0.00536
-0.012869
0.010021
0.001348
0.002539
-0.022855
-0.013592
0.001711
-0.019682
-0.016613
-0.0301
0.015299
0.032041
9e-06
0.00878
-0.016655
0.012032
0.001809
0.003913
-0.012004
0.009425
-0.005275
-0.001056
0.00395
-0.011783
-0.005968
0.002891
0.003333
-0.006414
-0.015777
-0.000652
-0.02116
0.012375
-0.010318
-0.013375
0.016658
0.030032
0.001148
-0.011617
0.003727
-0.003797
0.006508
-0.026728
-0.015817
-0.016247
0.015266
0.011403
-0.014599
-0.000302
0.023718
0.020957
0.008612
-0.007206
0.000607
-0.007662
-0.017548
-0.009214
0.007661
-0.000358
0.00994
0.016131
0.009769
-0.009249
-0.017712
0.006007
0.020207
0.018681
-0.0052
0.008312
-0.01009
0.00022
0.007167
-0.011892
0.001964
-0.003092
0.004293
0.005646
-0.000538
-0.004963
0.018308
0.007021
0.007822
0.010612
-0.002501
-0.004036
0.003375
-0.00635
0.011102
-0.002291
-0.007641
-0.00279
0.012736
-0.000146
0.000447
0.004743
-0.004401
0.002695
-0.007443
0.000639
0.004328
-0.010853
-0.013455
-0.00258
-0.017326
-0.00169
-0.011018
0.010583
0.001165
-0.008205
0.003857
0.008563
0.037071
0.012316
-0.002126
-0.008428
0.005544
0.014383
0.003438
0.000172
-0.000215
0.01517
0.009214
-0.002645
0.015525
0.009392
0.019462
-0.004023
0.007751
0.026023
-0.00761
0.010025
-0.013488
0.013336
0.001802
-0.011165
-0.000683
0.001874
0.00476
-0.011474
0.013204
-0.001731
0.009395
-0.002314
0.019875
-0.001835
-8e-06
-0.002502
-0.005319
-0.007811
0.012493
-0.002425
-0.000608
-0.003245
-0.014725
0.003881
-0.003603
0.002594
0.006652
0.017688
-0.002373
-0.001043
-0.009813
0.021905
-0.001468
0.003276
-0.011395
0.008283
-0.012902
-0.00114
0.011966
0.006927
0.00205
0.016727
0.007762
-0.004972
-0.011045
-0.008843
0.002352
0.002969
-0.009344
-0.000438
-0.013996
0.004279
0.013525
0.000548
0.000767
-0.001623
-0.006368
0.003109
0.013143
-0.019361
0.00264
-0.013416
-0.008381
0.010488
0.000287
0.000341
0.008492
0.002193
-0.003169
0.007161
0.011962
0.002152
0.010946
0.007622
-0.004027
-0.000612
-0.00695
-0.003818
-0.010521
-0.001844
0.006298
-0.011361
0.002846
0.012304
-0.005205
-0.004062
-0.009196
0.000643
0.006175
-0.017436
-0.000686
0.002655
0.007509
-0.008599
0.018436
-0.000997
-0.010531
0.002285
0.009176
-0.003565
-0.001057
0.003328
0.008391
0.005626
-0.002213
-0.000664
0.010663
-0.002927
-0.003437
-0.00916
-0.001988
0.0061
0.000121
0.006041
0.009332
0.003024
-0.001632
0.000282
-0.005198
0.014971
0.000247
-0.002977
-0.005075
0.002382
0.004182
0.001187
-0.001374
-0.009514
-0.023275
0.007807
0.029085
0.002213
0.007142
-0.000425
-0.00145
0.009076
-0.000461
-0.002527
-0.008118
-0.005391
-0.002351
8e-06
-0.001175
-0.010247
0.001489
0.006024
-0.009936
0.006244
-0.000557
0.003479
0.001787
0.00113
-0.005162
0.00525
-0.002447
-0.000768
-0.00156
0.00548
0.003225
-0.002555
-0.009599
-0.007775
-0.004707
0.003058
-0.009956
0.009852
0.002475
0.013179
0.011775
0.004712
-0.002387
0.001571
-0.006315
-0.005446
0.000309
-0.007411
-0.00198
0.013851
0.005273
0.003665
-0.000846
-0.003027
-0.002111
-0.003521
0.003344
0.009625
-0.001209
0.000545
0.009312
0.001769
-0.000661
-0.036485
0.007114
-0.014955
-0.002569
0.00406
-0.010141
-0.001696
0.007073
-0.003618
-0.003104
0.016426
-0.000539
-0.002415
-0.006763
0.004043
-0.001739
-0.000451
-0.000641
0.010403
0.0073
0.000223
-0.004738
0.002377
-0.00294
0.012139
0.025303
0.007167
0.013743
0.004257
0.021196
0.00488
0.000379
0.00458
-0.002667
-0.001305
0.001831
-0.000727
-0.00622
-0.001544
0.014177
0.001097
-0.006446
0.001727
-0.005898
-0.009159
0.01352
-0.007381
0.001377
-0.001167
2.2e-05
-0.011455
0.004146
-0.007007
0.00217
0.010482
0.00048
4.1e-05
-0.006398
0.006731
0.000293
0.008436
-0.008502
-0.002066
-0.012369
0.002684
0.013565
-0.00601
0.001999
-0.003914
0.011608
-0.003174
-0.002906
-5e-06
0.001109
-0.008344
-0.00676
-0.004936
0.002093
0.004441
-0.007205
-0.000177
0.004648
0.001295
0.007907
-0.000876
0.001835
0.002873
-0.002835
-0.002378
-0.002517
0.000171
-0.010277
-0.001093
0.001575
0.001576
-0.009796
0.002716
0.010243
-0.018557
-0.008566
0.015648
0.00891
0.00467
0.015607
0.009281
-0.000777
-0.013378
0.000102
-0.001044
0.004114
-0.005874
-0.001339
0.001708
0.006598
0.007267
-0.005631
0.011087
0.00045
-0.000287
-0.001257
0.000494
0.00601
-0.005115
0.000446
-0.00789
-0.006932
0.006536
0.008798
-0.001892
-0.006993
0.003655
-0.006579
0.001996
0.011281
-0.002993
0.004697
-0.00847
0.002279
-0.003292
0.000465
-0.000307
-0.007308
-0.007093
0.004506
0.001851
0.001122
-0.004728
-0.015068
-0.002799
0.006513
-0.000384
0.001951
-0.000697
-0.001369
0.001132
0.013239
-0.001027
0.010927
-0.002674
0.005524
-0.011397
0.002917
0.009636
0.000926
0.000944
0.006354
-0.001325
0.001124
-0.004633
-0.004279
0.000421
-0.007108
0.002821
-0.000861
0.000442
0.014313
0.011284
0.00404
0.000885
0.00238
-0.00133
-0.00507
-0.003519
-0.003309
0.001503
-0.001248
-0.003693
0.000869
0.005422
0.002251
0.001627
-0.007263
-8.4e-05
-0.008002
-0.01029
0.002366
0.004762
0.000292
0.002958
-0.001406
0.004953
0.004991
0.000172
-0.002197
-0.006172
0.004794
0.008865
-0.00115
0.014231
-0.012533
-9.7e-05
0.000251
0.006834
-0.001455
-0.011713
0.000379
0.003106
-0.009941
0.005311
0.000453
0.002636
-0.003987
-0.013803
-0.006608
-0.000459
-0.007285
0.008768
-0.012078
0.011398
0.004699
0.000228
0.000682
0.004957
0.00872
0.001037
0.000634
-0.001576
-0.002272
0.01024
0.000901
0.004268
0.001589
-0.004843
0.009649
-0.006234
-0.006371
0.003679
-0.001428
0.002402
0.000275
0.008259
0.001585
-0.001154
-0.003576
-0.003087
0.008351
0.001881
0.007393
-0.002968
0.005514
0.004124
0.002263
0.002997
-0.000836
-0.002067
0.000218
0.005193
0.00691
0.00403
-0.002361
-0.002699
-0.001888
-0.001646
-0.00091
-0.002893
0.009416
0.013344
-0.000799
-0.000829
-0.002515
0.001936
-0.001309
-0.002233
0.001569
-0.006152
-0.001259
-0.002165
0.000411
-0.008769
-0.003656
0.004042
0.000594
0.004617
0.006616
0.002827
-0.000351
-0.003851
-0.003997
0.0048
0.002012
0.007901
0.000482
-0.00394
0.00089
0.000223
0.009037
0.000455
0.010314
0.005807
-0.001531
-0.001663
-0.005685
0.002287
0.003318
-0.006417
-0.024348
-0.001377
-0.002996
0.005249
0.002678
-0.000694
0.013815
0.003275
0.002489
-0.002822
0.013441
0.003616
-0.0042
-0.002401
0.018986
-0.000564
0.004472
-0.005635
-0.008396
0.003363
1.7e-05
-0.0071
0.008466
-0.004393
-0.002615
-0.000289
-0.001335
0.006721
-0.006342
0.006283
0.00326
-0.001087
-0.003426
-0.019353
0.002398
-0.002434
0.003254
-0.001921
0.014927
0.001669
-0.001062
-0.000315
0.001182
-0.003413
-0.004999
-0.003118
-0.009408
-0.005611
-0.008069
0.010406
0.000173
0.002182
0.00259
0.005741
0.004094
0.001539
-0.003191
-0.001665
0.001498
0.003747
0.000691
-0.012437
0.001004
0.002011
0.000261
0.016479
0.00657
-0.010044
0.00459
0.002429
0.01011
-0.00221
-0.004833
0.008476
0.000284
-0.002985
-0.005174
-0.005436
-0.006758
0.002847
-0.000591
0.004011
0.001085
-0.002917
0.002143
0.002733
-0.010377
0.005456
-0.000637
-0.005752
0.007971
0.002253
0.009565
-0.002813
0.000372
-0.003702
-0.006356
-0.009953
0.00323
0.012654
-0.000501
0.00164
-0.001721
0.00423
-0.001877
-0.007815
0.000798
0.002875
-0.000279
-0.006016
0.005549
0.004746
-0.001956
-0.002077
0.006753
-0.004926
0.004561
-0.00138
-0.001476
-0.000716
0.001325
0.00513
-0.002358
0.00219
-0.003369
0.002301
0.00522
0.002051
0.006202
0.001094
-0.000819
-0.002038
0.010372
0.000829
0.001879
-0.001094
0.003007
0.004065
-0.000943
-0.003918
0.000307
-0.006244
-0.003874
0.002331
0.008835
0.001036
-0.004413
0.004018
-0.004504
-0.001487
-0.007486
-0.004918
0.007077
0.003616
-2.4e-05
0.008857
-0.000438
-0.002996
-0.002276
0.0049
0.000145
0.00018
-0.001312
-0.003219
0.002431
0.001156
0.000646
0.00072
0.011196
0.005698
-0.001859
-0.004954
-4.7e-05
-0.001435
-0.004326
0.002157
-0.000111
0.001152
0.006248
0.000306
0.002719
-0.00097
-0.011556
-0.01165
0.004961
0.001497
0.000663
0.007472
-0.001709
0.005604
-0.003168
0.006857
-0.004098
-0.002692
-0.002037
-0.007658
0.004281
0.003331
0.001916
-0.002155
-0.000323
0.000108
0.002668
0.003849
0.003555
0.000465
-0.000716
-0.00417
-0.000488
0.003895
-0.005535
-0.002222
0.002951
0.006581
-0.001117
-0.001
0.004223
0.000158
0.007112
0.00101
-0.000704
-0.00378
-0.004584
-0.002348
0.003451
0.001703
-0.001119
0.00568
0.011504
-0.001893
-0.000226
-0.003171
0.005097
-0.003198
0.001813
-4.5e-05
0.001599
-0.001378
-0.004788
-0.002044
0.004678
0.008388
0.003385
0.006127
-0.003447
0.004815
-0.002632
-0.022569
0.004966
-0.001189
0.00364
-0.008193
0.002487
0.00043
0.005408
0.000343
-0.005042
-0.005269
0.008166
-0.00157
-0.013142
0.003847
0.002265
-0.005834
0.001015
-0.003453
0.003791
0.004805
-0.002402
0.003206
-0.006796
0.005084
0.002594
-0.000452
0.005167
0.002844
-0.000265
-0.004513
0.000792
-0.000481
-0.008944
-0.007776
-0.001064
-0.017001
-0.014837
0.000554
-0.015222
0.021765
-0.000785
0.006285
-0.00832
0.005008
-0.004071
-0.003162
0.000273
-0.000675
-0.00838
0.000427
-0.001218
0.01514
-0.002033
0.011045
-0.001142
-0.006464
0.004165
0.005012
4.8e-05
-0.002396
-0.000761
-0.008019
-0.011577
0.008509
-0.010293
0.005079
0.001173
0.000877
0.011428
0.009807
0.006078
-0.002993
-0.003453
0.003853
0.003656
0.002576
0.000517
-0.001559
0.002627
0.000145
0.005535
-0.002378
-0.00134
-0.002801
0.002018
0.001556
0.001073
0.007183
-0.003624
0.002501
-0.007117
-0.007084
-0.008139
0.003526
-0.008001
-0.014434
0.01035
-0.002631
0.003821
-0.007633
0.00465
0.000543
-0.000366
0.005085
0.002182
-0.003574
0.000281
0.002156
0.010369
0.001359
0.002548
-0.002831
-0.005058
0.002143
0.000846
0.002716
-0.00146
-0.001981
0.003491
0.00918
0.006078
0.00078
0.000779
-0.006225
-0.002827
0.002105
0.000698
0.005249
-0.002992
0.006885
-0.000873
0.008081
0.000207
-0.00435
0.001206
-0.002735
0.005328
0.008974
-0.001824
0.012701
0.001756
0.003357
-0.001493
-0.004652
-0.004014
0.001241
-0.001708
0.00481
-0.010225
-0.004089
0.002973
0.00278
0.01257
-0.006713
-0.000636
-0.015815
-0.004085
-0.000656
-0.003171
0.002933
0.002858
0.005836
-0.005004
0.000736
-0.001885
-0.015319
-0.002124
-0.002568
0.006164
0.008381
0.014748
-0.000679
0.004861
0.002802
-0.000488
-0.002401
0.005566
-0.007013
-0.004185
-0.008466
0.001422
0.002649
0.006842
0.017062
-0.002459
-0.008391
-0.00387
0.003217
-0.011472
0.001851
0.006085
-0.000592
-0.002021
-0.004071
0.007922
-0.002046
0.001164
-0.004161
-0.004534
-0.006913
-0.018082
0.000317
0.005586
0.004423
0.002104
-0.003087
-0.01036
0.00947
0.000379
-0.000185
-0.004379
-0.012771
0.003909
0.005544
0.002035
0.010569
0.001292
0.007066
-0.001904
-0.001471
0.005862
-0.00049
0.001821
0.005185
-0.003864
0.001435
-0.004195
-0.000447
0.003562
-0.000728
0.001129
0.000283
0.002046
-0.000117
-8.3e-05
0.00954
0.007504
0.001315
-0.000954
-0.005478
-0.004773
0.002209
0.00043
0.003335
0.001495
0.004745
-0.003737
0.004289
0.000264
0.004843
0.012853
0.005812
-0.000899
0.001084
-0.001771
0.002306
0.001179
0.002009
0.004011
0.001191
-0.005926
0.001075
0.005068
0.004398
0.002369
-0.008359
0.007357
-0.003239
-0.001169
0.000833
0.000115
-0.007119
0.00223
0.000635
0.013513
0.000668
0.006243
-0.001822
0.00706
0.000276
0.001465
-0.002616
0.00141
0.000552
0.010096
0.005078
0.001487
-0.001285
-0.001908
-0.003232
0.002366
0.006867
0.000997
0.001322
0.000244
0.001572
-0.002998
0.003555
0.003806
-0.005641
-0.001887
-0.000854
0.001372
0.005807
0.009016
-0.001343
0.001228
0.001851
0.001876
-0.000657
0.001158
0.011029
0.000553
-0.000737
0.007578
-0.000272
0.001391
0.001048
0.001879
0.004491
0.000893
-0.002227
-0.014273
-7.7e-05
0.008661
0.009703
4.4e-05
0.000104
-0.009304
-0.000174
0.018608
0.000483
-0.001375
0.006034
-0.000116
-0.004409
-0.00145
-0.008131
0.005686
0.009958
0.000926
0.001587
0.004796
0.01022
-0.000345
-0.001183
0.012534
-0.002469
-0.009755
-0.003322
0.00448
-0.001397
0.001531
0.004395
0.000748
0.012596
0.004391
0.00123
-0.003811
0.010814
8.1e-05
-0.001988
0.005213
-0.008033
-0.013147
0.005122
-0.000463
0.005949
0.007671
0.001207
0.006319
-0.003889
-0.001646
-0.004437
-0.001297
4.3e-05
0.000991
0.001974
0.000612
-0.000896
-0.003295
-0.004138
0.008543
-0.001796
0.002641
-0.001635
0.000494
-0.002016
0.002691
-0.004223
0.000615
0.004766
-0.00225
0.002245
0.001918
0.002082
0.003289
0.009614
0.002081
0.000178
0.004127
0.002517
0.003835
0.005017
0.007875
6.6e-05
-0.000855
0.002391
0.004347
-0.006595
-0.002115
0.000188
-0.000314
-0.000356
0.008235
-0.002207
-0.004878
0.001261
-0.001173
0.002342
-0.000396
-0.007131
-0.001204
0.003413
0.00661
0.002352
-0.002254
0.006013
0.001573
0.005366
-0.005648
-0.003607
0.002351
-0.007208
-0.009194
0.00522
0.006012
-0.003219
0.005018
0.009578
0.001906
-0.003561
-0.00352
0.009019
0.003442
-0.001291
-0.000534
-0.005247
0.008351
0.005599
0.004187
-0.004841
0.005624
-0.002754
0.002748
0.002048
0.008505
0.002589
-0.003312
0.002536
0.011073
0.006284
0.004487
-0.006384
0.002001
0.003371
-0.001168
0.004803
-0.007473
-0.00147
-0.015159
0.008753
-0.009551
0.006992
0.002881
0.003332
0.000992
-0.000611
0.002442